130 3056.78 0 1680 1 1680
[1700.69, 4086.73, 4929.59, 1350.59, 1661.09, 3676.22, 1644.14, 4989.17, 3099.13, 8143.13, 3735.1, 9717.44, 5847.07, 8448.8, 5194.7, 3595.81, 2575.54, 9149.33, 2986.96, 1453.91, 2633.1, 2926.66, 9620.05, 3665.91, 4015.85, 1739.6, 3689.63, 9342.68, 9407.5, 2882.15, 8221.71, 9169.16, 2978.76, 3107.34, 1367.09, 8283.5, 7407.45, 9594.85, 1661.1, 661.85, 1483.94, 1821.27, 1465.94, 5034.98, 8121.21, 7389.35, 7169.96, 8333.91, 3793.13, 7054.12, 502.56, 1748.41, 9473.74, 7385.89, 9374.95, 9280.94, 4745.45, 401.51, 7290.66, 1346.9, 9416.01, 8116.7, 5286.94, 8169.15, 9418.66, 9320.67, 6991.55, 821.53, 7311.66, 5031.58, 9274.28, 1412.8, 8644.94, 9377.08, 6367.94, 2807.94, 1603.92, 1490.02, 6420.21, 6311.7, 6302.81, 1876.37, 2566.03, 8203.84, 7399.47, 6965.58, 6916.84, 7187.3, 3957.42, 2927.94, 1738.09, 1412.02, 4923.41, 2837.32, 2860.74, 874.91, 3913.42, 3864.8, 229.47, 2590.35, 1939.57, 1893.32, 9190.24, 3558.09, 1383.34, 439.7, 9115.65, 3915.85, 6943.98, 4861.67, 3662.58, 8289.21, 9406.13, 789.9, 8341.03, 6893.57, 620.65, 5232.07, 4190.02, 7067.8, 2714.39, 6890.78, 2492.15, 8655.53, 704.89, 8369.49, 3571.68, 464.37, 3086.81, 6437.19]
[6905.88, 4001.07, 3439.8, 3107.81, 4035.79, 6304.02, 7074.62, 4724.19, 7931.81, 3604.01, 4813.61, 6193.62, 2742.71, 7318.04, 5333.45, 2436.73, 2001.22, 5755.49, 6664.17, 4645.98, 6520.74, 4454.31, 5474.09, 7124.53, 2036.82, 3639.56, 5937.51, 6620.56, 4034.23, 4461.16, 4274.68, 3410.11, 4253.65, 2451.53, 3938.22, 6968.36, 2104.75, 6433.35, 4953.83, 4197.48, 5539.99, 6567.03, 4349.48, 3721.59, 5672.48, 7949.39, 2381.26, 4529.66, 3751.9, 5170.54, 7087.93, 7273.34, 4126.15, 4040.82, 4467.5, 7340.4, 7138.45, 4990.53, 5760.08, 6722.95, 6098.76, 4145.43, 6907.39, 4630.01, 4664.99, 7119.53, 5305.8, 3124.08, 2544.03, 4329.93, 5832.28, 6590.37, 2709.75, 3151.93, 6429.61, 2580.72, 3329.22, 2415.62, 6977.96, 7914.17, 3155.27, 3477.0, 6410.96, 2690.12, 4500.61, 2341.71, 7450.77, 3123.63, 4075.66, 6919.24, 3589.45, 7200.02, 5512.83, 3703.78, 7049.06, 4714.91, 4151.68, 5542.26, 4745.95, 7011.77, 3565.11, 3097.16, 3056.51, 5353.97, 6717.0, 6433.36, 3053.61, 5992.49, 3700.26, 3822.45, 6427.59, 2997.79, 3690.15, 7047.08, 4877.61, 3196.54, 5362.01, 4249.66, 6928.62, 3527.04, 5366.71, 4991.65, 7484.93, 2706.73, 4158.02, 2013.53, 2240.61, 6636.52, 3556.25, 7600.88]
[2, 4, 5, 2, 2, 4, 2, 5, 3, 8, 4, 9, 6, 8, 5, 4, 3, 9, 3, 2, 3, 3, 9, 4, 4, 2, 4, 9, 9, 3, 8, 9, 3, 3, 2, 8, 7, 9, 2, 1, 2, 2, 2, 5, 8, 7, 7, 8, 4, 7, 1, 2, 9, 7, 9, 9, 5, 1, 7, 2, 9, 8, 5, 8, 9, 9, 7, 1, 7, 5, 9, 2, 8, 9, 6, 3, 2, 2, 6, 6, 6, 2, 3, 8, 7, 7, 7, 7, 4, 3, 2, 2, 5, 3, 3, 1, 4, 4, 1, 3, 2, 2, 9, 4, 2, 1, 9, 4, 7, 5, 4, 8, 9, 1, 8, 7, 1, 5, 4, 7, 3, 7, 3, 8, 1, 8, 4, 1, 3, 6]
[1, 2, 3, 4, 5, 6, 7, 8, 9, 10, 11, 12, 13, 14, 15, 16, 17, 18, 19, 20, 21, 22, 23, 24, 25, 26, 27, 28, 29, 30, 31, 32, 33, 34, 35, 36, 37, 38, 39, 40, 41, 42, 43, 44, 45, 46, 47, 48, 49, 50, 51, 52, 53, 54, 55, 56, 57, 58, 59, 60, 61, 62, 63, 64, 65, 66, 67, 68, 69, 70, 71, 72, 73, 74, 75, 76, 77, 78, 79, 80, 81, 82, 83, 84, 85, 86, 87, 88, 89, 90, 91, 92, 93, 94, 95, 96, 97, 98, 99, 100, 101, 102, 103, 104, 105, 106, 107, 108, 109, 110, 111, 112, 113, 114, 115, 116, 117, 118, 119, 120, 121, 122, 123, 124, 125, 126, 127, 128, 129, 130]
[1, 3, 3, 1, 1, 3, 1, 3, 2, 1, 3, 3, 2, 1, 3, 3, 2, 3, 2, 1, 2, 2, 3, 3, 3, 1, 3, 3, 3, 2, 1, 3, 2, 2, 1, 1, 3, 3, 1, 3, 1, 1, 1, 3, 1, 3, 3, 1, 3, 3, 3, 1, 3, 3, 3, 3, 3, 3, 3, 1, 3, 1, 3, 1, 3, 3, 3, 3, 3, 3, 3, 1, 1, 3, 2, 2, 1, 1, 2, 2, 2, 1, 2, 1, 3, 3, 3, 3, 3, 2, 1, 1, 3, 2, 2, 3, 3, 3, 3, 2, 1, 1, 3, 3, 1, 3, 3, 3, 3, 3, 3, 1, 3, 3, 1, 3, 3, 3, 3, 3, 2, 3, 2, 1, 3, 1, 3, 3, 2, 2]
[3, 1, 1, 3, 3, 1, 3, 1, 1, 1, 1, 1, 1, 1, 1, 1, 1, 1, 1, 3, 1, 1, 1, 1, 1, 3, 1, 1, 1, 1, 1, 1, 1, 1, 3, 1, 3, 1, 3, 1, 3, 3, 3, 1, 1, 3, 3, 1, 1, 3, 1, 3, 1, 3, 1, 1, 1, 1, 3, 3, 1, 1, 1, 1, 1, 1, 3, 1, 3, 1, 1, 3, 1, 1, 1, 1, 3, 3, 1, 1, 1, 3, 1, 1, 3, 3, 3, 3, 1, 1, 3, 3, 1, 1, 1, 1, 1, 1, 1, 1, 3, 3, 1, 1, 3, 1, 1, 1, 3, 1, 1, 1, 1, 1, 1, 3, 1, 1, 1, 3, 1, 3, 1, 1, 1, 1, 1, 1, 1, 1]
[9, 4, 8, 10, 3, 10, 7, 6, 10, 7, 10, 6, 3, 2, 8, 5, 5, 1, 4, 4, 10, 7, 3, 6, 10, 9, 4, 5, 5, 7, 5, 5, 2, 6, 5, 9, 2, 1, 2, 6, 6, 10, 8, 3, 7, 4, 4, 2, 6, 5, 3, 4, 6, 10, 10, 1, 7, 4, 8, 10, 9, 4, 9, 3, 1, 9, 4, 1, 7, 2, 8, 8, 3, 1, 4, 5, 10, 5, 3, 7, 6, 2, 6, 2, 10, 4, 4, 6, 7, 8, 3, 10, 6, 6, 2, 2, 6, 3, 6, 3, 10, 9, 2, 8, 10, 3, 8, 6, 8, 7, 7, 10, 5, 10, 1, 4, 1, 3, 4, 10, 1, 7, 8, 6, 5, 4, 3, 3, 3, 1]
[1894.84, 3556.99, 2154.45, 2060.39, 3695.58, 2994.32, 4811.43, 3707.11, 2393.14, 3585.37, 2196.5, 4725.94, 2430.87, 2743.31, 2573.18, 2356.74, 1820.99, 1366.89, 3376.05, 3549.24, 2869.52, 4123.16, 2537.63, 3738.6, 2230.8, 1769.92, 3373.22, 2932.16, 3440.17, 2980.64, 3534.0, 3285.38, 2622.88, 4781.39, 1876.84, 1413.51, 2618.67, 1189.54, 3258.6, 2640.44, 4214.37, 3225.76, 3048.5, 3271.32, 4524.36, 3598.37, 3472.95, 2884.68, 2407.24, 2875.86, 3224.82, 3488.57, 3593.59, 3517.46, 2392.63, 1237.67, 4380.43, 3466.32, 2823.28, 2655.3, 1241.07, 3590.75, 1661.64, 2206.14, 1937.39, 1781.35, 3575.12, 1498.73, 3073.32, 3121.56, 2329.64, 2967.35, 3533.08, 1428.58, 3632.78, 1445.91, 1670.51, 4078.99, 2821.59, 3448.1, 1733.9, 2720.06, 1400.98, 2736.93, 3309.59, 3565.62, 3658.85, 1395.24, 3569.41, 2778.97, 2242.18, 2420.23, 2695.05, 4519.53, 2671.54, 2993.27, 3543.92, 3295.3, 2123.61, 2731.52, 1880.61, 1766.85, 3234.21, 2845.16, 2220.98, 3718.12, 2942.07, 3510.32, 3198.86, 4552.14, 4301.96, 2344.81, 3488.3, 2983.15, 1422.76, 3577.53, 1703.68, 2451.85, 3697.5, 1894.93, 1648.93, 4749.12, 2968.15, 3853.15, 1974.19, 3408.89, 3282.32, 2173.98, 2964.84, 1927.17]
[0.55, 0.15, 0.4, 0.54, 0.23, 0.47, 0.46, 0.43, 0.36, 0.47, 0.41, 0.59, 0.5, 0.34, 0.52, 0.09, 0.73, 0.17, 0.31, 0.4, 0.59, 0.47, 0.41, 0.48, 0.55, 0.79, 0.15, 0.32, 0.75, 0.47, 0.16, 0.49, 0.48, 0.47, 0.56, 0.57, 0.43, 0.37, 0.47, 0.29, 0.57, 0.66, 0.8, 0.33, 0.45, 0.28, 0.42, 0.57, 0.48, 0.64, 0.61, 0.45, 0.47, 0.42, 0.3, 0.16, 0.42, 0.47, 0.85, 0.51, 0.53, 0.45, 0.77, 0.53, 0.18, 0.57, 0.21, 0.42, 0.42, 0.33, 0.98, 0.64, 0.41, 0.18, 0.5, 0.08, 0.43, 0.61, 0.36, 0.44, 0.49, 0.52, 0.35, 0.37, 0.73, 0.49, 0.41, 0.32, 0.39, 0.64, 0.5, 0.24, 0.34, 0.4, 0.57, 0.28, 0.44, 0.52, 0.32, 0.3, 0.5, 0.47, 0.3, 0.95, 0.27, 0.45, 0.95, 0.44, 0.8, 0.4, 0.44, 0.57, 0.25, 0.68, 0.27, 0.46, 0.36, 0.33, 0.43, 0.42, 0.48, 0.43, 0.42, 0.31, 0.48, 0.38, 0.46, 0.61, 0.61, 0.27]
[0.53, 1.09, 0.78, 0.96, 0.72, 0.66, 0.94, 0.95, 0.68, 0.92, 0.55, 0.72, 0.94, 0.59, 1.0, 0.5, 0.99, 0.62, 1.09, 0.78, 1.04, 1.01, 0.8, 0.57, 0.99, 0.6, 0.99, 0.93, 0.68, 0.96, 0.89, 0.67, 1.1, 0.59, 0.57, 0.96, 0.76, 0.85, 0.54, 0.72, 0.73, 1.08, 0.77, 0.53, 1.09, 0.55, 0.74, 0.75, 0.89, 1.08, 1.01, 0.9, 1.05, 1.06, 0.66, 0.68, 0.72, 0.94, 0.62, 0.78, 1.02, 1.02, 1.01, 0.69, 0.85, 0.91, 0.95, 0.54, 0.53, 0.77, 0.68, 0.89, 0.76, 0.68, 0.99, 0.88, 1.07, 0.82, 0.51, 0.6, 1.04, 0.51, 0.71, 0.99, 0.78, 0.74, 0.89, 1.03, 0.98, 0.79, 0.74, 1.03, 0.99, 1.01, 0.61, 0.97, 0.59, 0.7, 1.02, 0.76, 0.58, 1.06, 0.59, 1.03, 0.79, 0.86, 0.75, 0.74, 0.95, 1.04, 0.75, 0.54, 1.08, 0.6, 0.66, 0.81, 0.56, 0.67, 0.8, 0.84, 1.05, 0.78, 1.03, 0.83, 0.94, 0.77, 0.63, 0.98, 1.08, 0.91]
[0.66, 1.05, 0.69, 0.72, 0.97, 0.88, 0.56, 0.87, 1.06, 0.73, 0.55, 0.74, 0.54, 0.72, 0.86, 1.06, 1.04, 0.55, 0.81, 1.02, 1.09, 0.51, 0.97, 0.9, 0.51, 0.59, 0.77, 1.04, 0.81, 0.92, 1.01, 0.52, 0.64, 0.96, 0.65, 0.67, 1.06, 0.76, 1.09, 1.02, 0.59, 0.59, 0.69, 0.7, 0.93, 0.62, 0.81, 0.57, 0.83, 0.73, 0.77, 0.89, 0.79, 0.86, 0.57, 0.91, 1.07, 1.1, 0.95, 1.07, 0.62, 0.89, 0.59, 0.66, 0.59, 0.7, 1.04, 0.55, 0.67, 0.6, 0.68, 0.73, 0.64, 1.02, 0.97, 1.03, 0.64, 0.73, 0.86, 0.56, 0.72, 0.87, 0.77, 0.91, 0.56, 0.66, 0.55, 0.61, 0.93, 0.92, 0.97, 0.51, 0.77, 0.63, 0.51, 0.71, 0.51, 1.09, 0.63, 0.62, 0.71, 0.99, 0.91, 0.53, 0.75, 1.0, 0.86, 0.73, 0.62, 0.62, 0.51, 0.54, 1.09, 0.52, 0.87, 0.77, 0.63, 0.88, 0.54, 0.83, 0.96, 0.75, 0.52, 1.04, 0.71, 0.69, 0.88, 0.95, 0.57, 0.55]
[0.98, 0.57, 1.06, 0.71, 0.6, 0.8, 1.05, 0.86, 0.8, 0.85, 0.52, 0.73, 0.59, 0.61, 0.69, 0.89, 0.93, 0.59, 0.77, 0.9, 0.76, 0.77, 0.53, 0.94, 0.81, 0.72, 0.95, 0.61, 0.97, 0.75, 0.77, 0.91, 0.55, 1.01, 0.69, 0.93, 0.63, 0.72, 0.98, 1.07, 0.58, 0.92, 1.09, 0.91, 0.97, 0.62, 0.75, 1.03, 0.83, 0.51, 0.79, 0.51, 0.61, 0.59, 0.59, 0.61, 0.77, 0.58, 0.92, 0.81, 0.54, 0.54, 0.61, 0.53, 1.03, 0.72, 0.59, 0.6, 0.87, 0.66, 0.97, 0.62, 0.71, 0.95, 0.98, 0.59, 0.65, 0.61, 0.6, 0.77, 0.78, 0.99, 0.56, 0.79, 0.92, 0.83, 0.94, 0.53, 0.65, 0.96, 0.56, 0.71, 0.81, 0.98, 0.93, 1.03, 0.51, 0.7, 0.56, 0.77, 0.54, 0.8, 1.03, 1.08, 0.55, 0.58, 0.69, 0.83, 0.91, 0.99, 1.01, 1.08, 0.94, 0.66, 0.54, 0.68, 1.08, 0.64, 0.65, 0.83, 1.07, 0.65, 0.88, 0.92, 0.83, 0.61, 0.51, 0.93, 0.55, 1.1]
[0.91, 1.07, 0.89, 1.1, 0.52, 0.58, 0.82, 0.95, 1.0, 0.64, 0.84, 1.01, 0.51, 0.51, 0.58, 0.78, 0.95, 0.71, 0.52, 0.92, 0.95, 0.8, 0.6, 0.84, 1.04, 1.07, 0.76, 0.86, 0.68, 0.62, 0.9, 1.08, 0.58, 0.74, 1.01, 0.53, 0.87, 0.89, 0.5, 0.78, 0.67, 0.75, 0.86, 0.99, 0.72, 0.72, 0.58, 0.97, 0.98, 1.02, 0.63, 0.92, 1.0, 0.57, 1.0, 0.98, 0.56, 1.01, 0.53, 0.88, 0.53, 0.54, 0.9, 0.61, 0.62, 0.94, 0.56, 0.58, 0.64, 1.06, 0.53, 0.51, 0.89, 1.1, 1.04, 0.58, 0.57, 0.68, 0.98, 0.8, 1.07, 0.97, 1.06, 0.62, 0.72, 1.04, 1.06, 0.96, 1.05, 0.87, 0.91, 0.5, 0.79, 0.93, 1.07, 0.92, 0.95, 1.06, 0.74, 1.03, 0.91, 0.56, 0.53, 1.09, 0.59, 0.79, 0.88, 0.73, 0.99, 0.79, 1.04, 1.04, 0.58, 0.62, 0.63, 1.07, 0.66, 0.75, 0.61, 0.91, 0.91, 0.78, 1.01, 0.76, 0.74, 0.74, 0.95, 0.89, 0.85, 0.93]
[1.01, 1.07, 0.8, 0.96, 0.96, 0.71, 0.69, 1.09, 0.75, 1.04, 1.08, 1.08, 0.6, 0.7, 0.99, 0.81, 0.6, 0.84, 0.81, 0.9, 0.53, 0.51, 0.99, 1.05, 0.54, 0.75, 0.81, 0.83, 0.62, 0.9, 0.5, 1.04, 0.74, 0.78, 1.0, 0.75, 1.09, 1.03, 0.57, 0.97, 0.83, 0.91, 0.76, 1.01, 0.88, 0.54, 0.66, 0.56, 0.55, 0.75, 0.86, 1.03, 0.5, 0.58, 0.57, 0.63, 0.8, 0.93, 0.54, 0.94, 0.82, 1.06, 0.97, 0.76, 0.91, 0.92, 0.73, 1.02, 0.93, 0.98, 1.1, 0.53, 0.97, 0.79, 0.98, 0.59, 0.9, 0.98, 1.0, 1.1, 0.53, 0.71, 0.57, 1.0, 0.7, 1.03, 1.01, 0.7, 0.57, 0.92, 0.65, 0.54, 0.64, 0.71, 1.01, 0.68, 0.59, 0.5, 0.57, 1.07, 0.74, 0.66, 0.53, 0.64, 0.62, 0.85, 0.85, 0.85, 0.81, 0.66, 0.92, 0.69, 0.78, 0.53, 1.03, 0.56, 0.88, 1.01, 0.53, 0.86, 1.0, 0.78, 1.01, 0.55, 0.97, 1.06, 0.54, 0.94, 0.95, 0.68]
[0.32, 0.75, 0.41, 0.52, 0.21, 0.19, 0.32, 0.74, 0.43, 0.38, 0.14, 0.42, 0.09, 0.09, 0.34, 0.3, 0.54, 0.12, 0.28, 0.59, 0.43, 0.16, 0.24, 0.43, 0.23, 0.21, 0.45, 0.42, 0.22, 0.37, 0.31, 0.36, 0.17, 0.33, 0.26, 0.24, 0.49, 0.43, 0.16, 0.59, 0.14, 0.4, 0.38, 0.34, 0.62, 0.08, 0.17, 0.24, 0.33, 0.31, 0.34, 0.39, 0.25, 0.18, 0.13, 0.23, 0.26, 0.57, 0.16, 0.56, 0.15, 0.28, 0.32, 0.11, 0.29, 0.39, 0.24, 0.11, 0.18, 0.31, 0.26, 0.11, 0.3, 0.57, 0.96, 0.18, 0.23, 0.24, 0.26, 0.23, 0.33, 0.3, 0.19, 0.44, 0.2, 0.44, 0.5, 0.22, 0.36, 0.56, 0.24, 0.1, 0.31, 0.41, 0.31, 0.45, 0.09, 0.29, 0.15, 0.39, 0.15, 0.31, 0.16, 0.41, 0.12, 0.34, 0.33, 0.28, 0.43, 0.33, 0.37, 0.22, 0.51, 0.07, 0.2, 0.25, 0.22, 0.28, 0.09, 0.45, 0.97, 0.23, 0.49, 0.33, 0.4, 0.26, 0.15, 0.73, 0.27, 0.35]
[287.75, 282.56, 946.47, 694.77, 254.73, 485.0, 734.02, 758.67, 426.06, 659.09, 580.9, 751.66, 271.91, 689.38, 709.81, 525.81, 552.38, 270.94, 344.35, 318.73, 661.7, 259.99, 166.82, 601.47, 594.07, 536.16, 306.71, 728.94, 653.78, 522.39, 565.65, 514.81, 619.5, 739.56, 538.61, 475.22, 534.26, 255.16, 736.95, 682.5, 782.64, 534.2, 810.38, 185.93, 551.04, 314.73, 308.95, 1086.5, 694.31, 662.95, 210.09, 447.4, 505.65, 732.14, 497.92, 230.32, 700.77, 323.78, 845.85, 405.54, 424.5, 294.8, 581.49, 208.62, 272.94, 588.91, 300.54, 155.14, 470.97, 357.47, 1079.84, 697.35, 180.85, 148.53, 354.83, 387.35, 862.64, 804.87, 193.69, 547.87, 755.32, 394.85, 786.65, 557.29, 788.82, 332.74, 355.01, 603.02, 580.63, 891.84, 297.56, 272.54, 723.32, 473.22, 433.77, 635.45, 654.39, 240.04, 681.53, 263.99, 532.63, 456.26, 737.76, 1167.25, 245.92, 262.59, 1341.35, 589.66, 1165.27, 811.56, 588.67, 787.85, 585.47, 746.13, 302.57, 292.26, 354.45, 138.5, 335.45, 564.59, 333.24, 438.19, 981.5, 565.76, 679.4, 285.11, 220.6, 288.86, 206.81, 292.3]
[91.59, 217.58, 361.32, 381.59, 48.2, 100.77, 230.61, 566.97, 182.02, 245.18, 80.34, 313.83, 28.32, 74.02, 212.63, 165.61, 286.86, 30.76, 98.56, 184.31, 278.13, 40.38, 38.82, 257.69, 141.37, 119.28, 140.57, 304.28, 148.06, 189.33, 181.66, 174.62, 104.48, 232.98, 141.81, 115.36, 251.83, 113.02, 108.3, 419.59, 115.52, 207.44, 297.99, 65.45, 344.19, 25.31, 50.47, 270.46, 252.4, 192.6, 69.51, 184.69, 118.48, 131.89, 70.33, 53.66, 188.42, 185.63, 125.83, 235.31, 67.45, 85.88, 193.46, 25.11, 73.59, 224.48, 67.65, 16.89, 80.09, 105.33, 287.89, 75.28, 52.14, 83.92, 338.83, 70.29, 221.37, 198.09, 52.67, 138.9, 253.79, 121.27, 151.08, 244.23, 153.84, 144.67, 174.51, 133.96, 202.93, 529.18, 72.79, 22.33, 216.49, 192.69, 128.71, 290.35, 53.96, 65.65, 106.96, 106.86, 89.95, 145.28, 108.14, 467.98, 36.42, 97.43, 469.41, 164.87, 521.25, 262.16, 208.14, 182.55, 308.03, 60.46, 61.06, 71.63, 67.12, 36.6, 28.98, 256.06, 321.95, 99.62, 490.25, 185.41, 273.99, 73.62, 29.73, 218.39, 55.27, 94.45]
[938.74, 912.8, 4232.34, 2973.84, 773.66, 1925.0, 3170.12, 3293.35, 1630.32, 2795.47, 2404.51, 3258.32, 859.56, 2946.89, 3049.03, 2129.06, 2261.89, 854.72, 1221.74, 1093.66, 2808.5, 799.94, 334.12, 2507.35, 2470.33, 2180.81, 1033.57, 3144.72, 2768.92, 2111.95, 2328.26, 2074.03, 2597.51, 3197.81, 2193.05, 1876.1, 2171.31, 775.78, 3184.77, 2912.52, 3413.19, 2171.0, 3551.9, 429.66, 2255.19, 1073.66, 1044.75, 4932.5, 2971.57, 2814.76, 550.44, 1737.02, 2028.24, 3160.69, 1989.6, 651.61, 3003.85, 1118.91, 3729.25, 1527.71, 1622.52, 973.98, 2407.47, 543.08, 864.7, 2444.57, 1002.68, 275.69, 1854.84, 1287.35, 4899.21, 2986.74, 404.26, 242.67, 1274.17, 1436.73, 3813.18, 3524.35, 468.44, 2239.34, 3276.59, 1474.26, 3433.27, 2286.44, 3444.12, 1163.71, 1275.04, 2515.09, 2403.17, 3959.21, 987.81, 862.68, 3116.59, 1866.09, 1668.83, 2677.26, 2771.97, 700.2, 2907.66, 819.96, 2163.14, 1781.3, 3188.79, 5336.24, 729.62, 812.97, 6206.76, 2448.3, 5326.33, 3557.8, 2443.37, 3439.25, 2427.34, 3230.66, 1012.84, 961.31, 1272.27, 192.5, 1177.24, 2322.97, 1166.18, 1690.96, 4407.5, 2328.81, 2897.0, 925.56, 602.99, 944.29, 534.07, 961.5]
[-42.06, 587.89, 1306.58, 1407.97, -259.0, 3.87, 653.05, 2334.87, 410.1, 725.91, -98.3, 1069.17, -358.39, -129.91, 563.14, 328.05, 934.3, -346.18, -7.19, 421.56, 890.67, -298.11, -305.89, 788.43, 206.83, 96.4, 202.86, 1021.4, 240.32, 446.64, 408.28, 373.11, 22.42, 664.88, 209.05, 76.79, 759.14, 65.08, 41.48, 1597.97, 77.58, 537.21, 989.94, -172.77, 1220.93, -373.47, -247.63, 852.28, 761.99, 462.98, -152.43, 423.43, 92.39, 159.45, -148.34, -231.71, 442.12, 428.15, 129.17, 676.55, -162.73, -70.58, 467.3, -374.47, -132.06, 622.42, -161.76, -415.57, -99.56, 26.63, 939.45, -123.6, -239.31, -80.41, 1194.14, -148.57, 606.86, 490.44, -236.63, 194.5, 768.96, 106.33, 255.41, 721.13, 269.19, 223.35, 372.56, 169.78, 514.67, 2145.88, -136.06, -388.34, 582.45, 463.43, 143.57, 951.74, -230.21, -171.75, 34.82, 34.3, -50.23, 226.41, 40.72, 1839.9, -317.88, -12.87, 1847.07, 324.34, 2106.27, 810.8, 540.71, 412.73, 1040.14, -197.69, -194.71, -141.87, -164.42, -316.98, -355.08, 780.28, 1109.77, -1.9, 1951.23, 427.05, 869.96, -131.89, -351.36, 591.95, -223.65, -27.76]
[37.9, 142.28, 86.18, 41.21, 73.91, 119.77, 96.23, 148.28, 71.79, 71.71, 87.86, 189.04, 72.93, 54.87, 102.93, 94.27, 54.63, 54.68, 101.28, 70.98, 86.09, 123.69, 101.51, 149.54, 89.23, 35.4, 134.93, 117.29, 137.61, 89.42, 70.68, 131.42, 78.69, 143.44, 37.54, 28.27, 104.75, 47.58, 65.17, 105.62, 84.29, 64.52, 60.97, 130.85, 90.49, 143.93, 138.92, 57.69, 96.29, 115.03, 128.99, 69.77, 143.74, 140.7, 95.71, 49.51, 175.22, 138.65, 112.93, 53.11, 49.64, 71.82, 66.47, 44.12, 77.5, 71.25, 143.0, 59.95, 122.93, 124.86, 93.19, 59.35, 70.66, 57.14, 108.98, 43.38, 33.41, 81.58, 84.65, 103.44, 52.02, 54.4, 42.03, 54.74, 132.38, 142.62, 146.35, 55.81, 142.78, 83.37, 44.84, 48.4, 107.8, 135.59, 80.15, 119.73, 141.76, 131.81, 84.94, 81.95, 37.61, 35.34, 129.37, 113.81, 44.42, 148.72, 117.68, 140.41, 127.95, 182.09, 172.08, 46.9, 139.53, 119.33, 28.46, 143.1, 68.15, 98.07, 147.9, 75.8, 49.47, 189.96, 89.04, 77.06, 78.97, 68.18, 131.29, 86.96, 88.95, 57.82]
[37, 213, 129, 41, 73, 179, 96, 222, 95, 71, 131, 283, 97, 54, 154, 141, 72, 82, 135, 70, 114, 164, 152, 224, 133, 35, 202, 175, 206, 119, 70, 197, 104, 191, 37, 28, 157, 71, 65, 158, 84, 64, 60, 196, 90, 215, 208, 57, 144, 172, 193, 69, 215, 211, 143, 74, 262, 207, 169, 53, 74, 71, 99, 44, 116, 106, 214, 89, 184, 187, 139, 59, 70, 85, 145, 57, 33, 81, 112, 137, 69, 54, 56, 54, 198, 213, 219, 83, 214, 111, 44, 48, 161, 180, 106, 179, 212, 197, 127, 109, 37, 35, 194, 170, 44, 223, 176, 210, 191, 273, 258, 46, 209, 178, 28, 214, 102, 147, 221, 113, 65, 284, 118, 77, 118, 68, 196, 130, 118, 77]
[982, 1205, 40, 895, 50, 111, 711, 1515, 943, 25, 928, 716, 972, 997, 774, 904, 531, 149, 352, 537, 286, 1142, 1395, 881, 442, 585, 909, 871, 1029, 1267, 1273, 1313, 450, 1094, 197, 1349, 1034, 567, 45, 736, 1010, 387, 884, 199, 698, 889, 192, 1103, 1402, 227, 1194, 227, 336, 1424, 1219, 745, 710, 1584, 1532, 204, 701, 498, 613, 1443, 1590, 1462, 1595, 213, 906, 1119, 1076, 1534, 1615, 559, 613, 336, 50, 756, 87, 23, 454, 74, 1422, 1619, 257, 147, 112, 1420, 1563, 1266, 1380, 81, 286, 1004, 563, 1316, 132, 1622, 225, 732, 37, 699, 1371, 324, 826, 264, 262, 65, 485, 954, 1067, 13, 1335, 448, 402, 34, 1110, 1111, 358, 748, 741, 882, 24, 749, 661, 670, 880, 474, 1389, 243]
[1680, 1680, 1554, 1680, 1021, 1680, 1186, 1680, 1680, 901, 1680, 978, 1680, 1680, 1680, 1680, 1680, 860, 1680, 964, 997, 1680, 1680, 1680, 610, 1178, 1289, 1251, 1680, 1458, 1464, 1575, 712, 1285, 813, 1680, 1680, 1325, 1158, 904, 1680, 1098, 1680, 957, 1680, 1680, 667, 1680, 1680, 1599, 1680, 773, 1354, 1680, 1680, 1680, 878, 1680, 1680, 820, 1680, 1422, 804, 1680, 1680, 1680, 1680, 924, 1404, 1680, 1680, 1680, 1680, 1680, 1418, 1378, 1564, 1680, 1601, 1325, 787, 1612, 1680, 1680, 779, 1094, 563, 1680, 1680, 1680, 1680, 1288, 619, 1680, 1680, 1680, 323, 1680, 771, 1443, 1244, 1457, 1680, 1680, 1466, 1046, 548, 894, 1680, 1680, 1542, 1338, 1680, 946, 1656, 1406, 1680, 1302, 1258, 1341, 1680, 1097, 1278, 1680, 1490, 885, 1680, 1680, 1680, 1680]
2
[0.0, 0.0]
[0.0, 10000.0]
[[0.0, 142.0, 101.0, 81.0, 85.0, 48.0, 62.0, 104.0, 103.0, 98.0, 121.0, 126.0, 86.0, 164.0, 92.0, 159.0, 106.0, 62.0, 46.0, 153.0, 104.0, 69.0, 100.0, 76.0, 157.0, 114.0, 64.0, 57.0, 99.0, 163.0, 145.0, 75.0, 132.0, 139.0, 74.0, 56.0, 59.0, 154.0, 109.0, 164.0, 74.0, 60.0, 81.0, 97.0, 65.0, 89.0, 141.0, 154.0, 107.0, 135.0, 76.0, 124.0, 101.0, 106.0, 147.0, 120.0, 147.0, 168.0, 122.0, 71.0, 132.0, 97.0, 159.0, 129.0, 124.0, 133.0, 149.0, 167.0, 125.0, 46.0, 110.0, 94.0, 156.0, 96.0, 129.0, 140.0, 128.0, 54.0, 52.0, 40.0, 135.0, 144.0, 100.0, 56.0, 98.0, 123.0, 123.0, 104.0, 144.0, 111.0, 81.0, 107.0, 57.0, 104.0, 105.0, 66.0, 108.0, 68.0, 81.0, 96.0, 67.0, 106.0, 58.0, 52.0, 138.0, 91.0, 97.0, 92.0, 136.0, 102.0, 112.0, 88.0, 105.0, 125.0, 143.0, 101.0, 137.0, 108.0, 77.0, 96.0, 115.0, 112.0, 85.0, 121.0, 112.0, 129.0, 60.0, 122.0, 60.0, 94.0, 67.0, 141.0], [142.0, 0.0, 50.0, 103.0, 117.0, 100.0, 88.0, 74.0, 48.0, 103.0, 53.0, 147.0, 91.0, 148.0, 132.0, 126.0, 99.0, 119.0, 119.0, 143.0, 64.0, 79.0, 62.0, 89.0, 151.0, 66.0, 127.0, 94.0, 78.0, 141.0, 158.0, 89.0, 142.0, 160.0, 92.0, 116.0, 88.0, 125.0, 154.0, 145.0, 75.0, 83.0, 67.0, 55.0, 83.0, 114.0, 131.0, 109.0, 149.0, 142.0, 104.0, 121.0, 42.0, 46.0, 158.0, 135.0, 155.0, 137.0, 79.0, 71.0, 120.0, 50.0, 145.0, 142.0, 87.0, 139.0, 154.0, 139.0, 120.0, 98.0, 148.0, 108.0, 144.0, 52.0, 161.0, 165.0, 104.0, 113.0, 97.0, 110.0, 101.0, 94.0, 132.0, 96.0, 63.0, 156.0, 131.0, 147.0, 105.0, 141.0, 101.0, 60.0, 94.0, 45.0, 95.0, 98.0, 58.0, 76.0, 100.0, 84.0, 75.0, 56.0, 95.0, 102.0, 164.0, 83.0, 51.0, 51.0, 163.0, 80.0, 133.0, 112.0, 73.0, 154.0, 161.0, 43.0, 139.0, 138.0, 66.0, 110.0, 74.0, 136.0, 76.0, 121.0, 50.0, 161.0, 84.0, 164.0, 121.0, 48.0, 101.0, 98.0], [101.0, 50.0, 0.0, 53.0, 67.0, 54.0, 41.0, 29.0, 3.0, 56.0, 25.0, 103.0, 41.0, 114.0, 83.0, 96.0, 54.0, 69.0, 71.0, 107.0, 19.0, 32.0, 14.0, 39.0, 114.0, 28.0, 77.0, 46.0, 31.0, 109.0, 117.0, 39.0, 100.0, 117.0, 42.0, 66.0, 42.0, 93.0, 106.0, 112.0, 28.0, 41.0, 20.0, 5.0, 36.0, 65.0, 93.0, 82.0, 101.0, 100.0, 54.0, 80.0, 17.0, 5.0, 117.0, 90.0, 114.0, 108.0, 43.0, 33.0, 81.0, 6.0, 110.0, 99.0, 51.0, 97.0, 114.0, 108.0, 78.0, 55.0, 101.0, 60.0, 109.0, 6.0, 115.0, 121.0, 67.0, 63.0, 51.0, 64.0, 67.0, 67.0, 84.0, 49.0, 14.0, 110.0, 88.0, 99.0, 74.0, 95.0, 51.0, 17.0, 47.0, 6.0, 50.0, 48.0, 17.0, 33.0, 50.0, 36.0, 37.0, 13.0, 48.0, 54.0, 120.0, 34.0, 5.0, 19.0, 119.0, 34.0, 87.0, 63.0, 29.0, 109.0, 119.0, 13.0, 99.0, 91.0, 27.0, 63.0, 35.0, 90.0, 26.0, 79.0, 14.0, 115.0, 41.0, 117.0, 71.0, 18.0, 51.0, 68.0], [81.0, 103.0, 53.0, 0.0, 14.0, 41.0, 34.0, 33.0, 56.0, 16.0, 58.0, 58.0, 13.0, 86.0, 31.0, 78.0, 25.0, 23.0, 36.0, 76.0, 41.0, 38.0, 41.0, 18.0, 81.0, 45.0, 28.0, 34.0, 28.0, 83.0, 76.0, 18.0, 59.0, 73.0, 16.0, 26.0, 39.0, 73.0, 54.0, 85.0, 37.0, 49.0, 43.0, 49.0, 38.0, 14.0, 62.0, 73.0, 49.0, 61.0, 5.0, 45.0, 67.0, 57.0, 77.0, 47.0, 75.0, 88.0, 46.0, 54.0, 52.0, 55.0, 81.0, 57.0, 45.0, 59.0, 76.0, 86.0, 45.0, 48.0, 50.0, 14.0, 78.0, 53.0, 67.0, 76.0, 47.0, 27.0, 37.0, 43.0, 54.0, 64.0, 34.0, 32.0, 40.0, 61.0, 48.0, 47.0, 63.0, 46.0, 2.0, 45.0, 34.0, 59.0, 25.0, 18.0, 47.0, 47.0, 3.0, 22.0, 56.0, 48.0, 31.0, 34.0, 74.0, 21.0, 54.0, 62.0, 73.0, 28.0, 41.0, 11.0, 35.0, 61.0, 76.0, 64.0, 62.0, 41.0, 53.0, 17.0, 42.0, 43.0, 27.0, 42.0, 54.0, 67.0, 48.0, 67.0, 26.0, 64.0, 16.0, 61.0], [85.0, 117.0, 67.0, 14.0, 0.0, 51.0, 47.0, 44.0, 70.0, 18.0, 69.0, 46.0, 26.0, 78.0, 16.0, 74.0, 27.0, 24.0, 39.0, 68.0, 53.0, 52.0, 55.0, 32.0, 73.0, 55.0, 24.0, 45.0, 40.0, 77.0, 64.0, 32.0, 48.0, 60.0, 30.0, 29.0, 51.0, 69.0, 40.0, 79.0, 51.0, 62.0, 57.0, 63.0, 51.0, 4.0, 55.0, 73.0, 35.0, 51.0, 17.0, 39.0, 81.0, 71.0, 65.0, 36.0, 65.0, 83.0, 53.0, 68.0, 47.0, 69.0, 74.0, 46.0, 49.0, 49.0, 66.0, 81.0, 39.0, 58.0, 36.0, 13.0, 70.0, 67.0, 54.0, 63.0, 47.0, 32.0, 47.0, 51.0, 55.0, 66.0, 20.0, 43.0, 54.0, 48.0, 38.0, 33.0, 64.0, 32.0, 16.0, 57.0, 45.0, 73.0, 29.0, 30.0, 59.0, 60.0, 18.0, 33.0, 69.0, 61.0, 42.0, 43.0, 61.0, 33.0, 69.0, 77.0, 60.0, 39.0, 29.0, 6.0, 46.0, 48.0, 64.0, 78.0, 53.0, 28.0, 67.0, 12.0, 51.0, 30.0, 42.0, 35.0, 67.0, 54.0, 61.0, 53.0, 26.0, 78.0, 26.0, 63.0], [48.0, 100.0, 54.0, 41.0, 51.0, 0.0, 14.0, 56.0, 56.0, 57.0, 73.0, 97.0, 42.0, 127.0, 64.0, 117.0, 63.0, 33.0, 23.0, 117.0, 56.0, 22.0, 52.0, 29.0, 122.0, 66.0, 41.0, 9.0, 52.0, 124.0, 115.0, 29.0, 99.0, 111.0, 28.0, 27.0, 12.0, 113.0, 87.0, 126.0, 27.0, 18.0, 35.0, 50.0, 18.0, 53.0, 103.0, 110.0, 83.0, 101.0, 36.0, 86.0, 58.0, 59.0, 116.0, 87.0, 116.0, 128.0, 75.0, 30.0, 92.0, 51.0, 122.0, 97.0, 78.0, 99.0, 117.0, 127.0, 86.0, 8.0, 85.0, 55.0, 119.0, 49.0, 104.0, 114.0, 85.0, 22.0, 5.0, 10.0, 91.0, 98.0, 70.0, 9.0, 50.0, 97.0, 88.0, 80.0, 100.0, 83.0, 39.0, 59.0, 9.0, 58.0, 61.0, 23.0, 60.0, 24.0, 39.0, 50.0, 28.0, 58.0, 11.0, 8.0, 111.0, 45.0, 51.0, 49.0, 110.0, 55.0, 80.0, 51.0, 57.0, 99.0, 115.0, 56.0, 102.0, 79.0, 34.0, 57.0, 68.0, 81.0, 37.0, 83.0, 64.0, 104.0, 17.0, 101.0, 34.0, 52.0, 25.0, 96.0], [62.0, 88.0, 41.0, 34.0, 47.0, 14.0, 0.0, 43.0, 43.0, 48.0, 59.0, 92.0, 31.0, 118.0, 62.0, 107.0, 53.0, 36.0, 32.0, 109.0, 42.0, 9.0, 38.0, 19.0, 115.0, 52.0, 44.0, 6.0, 39.0, 115.0, 110.0, 18.0, 93.0, 107.0, 19.0, 30.0, 4.0, 103.0, 86.0, 118.0, 13.0, 14.0, 21.0, 36.0, 5.0, 48.0, 95.0, 98.0, 82.0, 95.0, 31.0, 78.0, 46.0, 46.0, 111.0, 81.0, 110.0, 118.0, 62.0, 22.0, 84.0, 38.0, 114.0, 92.0, 66.0, 93.0, 111.0, 117.0, 78.0, 18.0, 83.0, 48.0, 111.0, 36.0, 101.0, 110.0, 75.0, 26.0, 10.0, 23.0, 79.0, 86.0, 67.0, 8.0, 36.0, 95.0, 82.0, 79.0, 89.0, 80.0, 33.0, 45.0, 6.0, 45.0, 51.0, 17.0, 46.0, 15.0, 32.0, 38.0, 23.0, 44.0, 8.0, 14.0, 108.0, 33.0, 38.0, 38.0, 107.0, 42.0, 75.0, 46.0, 44.0, 95.0, 110.0, 44.0, 96.0, 75.0, 24.0, 51.0, 55.0, 77.0, 24.0, 75.0, 50.0, 101.0, 14.0, 99.0, 37.0, 41.0, 21.0, 85.0], [104.0, 74.0, 29.0, 33.0, 44.0, 56.0, 43.0, 0.0, 31.0, 29.0, 25.0, 74.0, 21.0, 86.0, 59.0, 69.0, 26.0, 55.0, 63.0, 78.0, 11.0, 39.0, 15.0, 28.0, 85.0, 12.0, 61.0, 47.0, 5.0, 81.0, 88.0, 28.0, 71.0, 88.0, 31.0, 55.0, 47.0, 66.0, 80.0, 84.0, 34.0, 52.0, 33.0, 27.0, 42.0, 41.0, 64.0, 58.0, 75.0, 71.0, 36.0, 51.0, 46.0, 31.0, 88.0, 62.0, 85.0, 81.0, 19.0, 50.0, 52.0, 34.0, 82.0, 70.0, 24.0, 68.0, 85.0, 81.0, 49.0, 61.0, 74.0, 34.0, 80.0, 32.0, 87.0, 92.0, 38.0, 54.0, 51.0, 63.0, 40.0, 44.0, 58.0, 48.0, 16.0, 82.0, 59.0, 73.0, 49.0, 67.0, 32.0, 14.0, 47.0, 35.0, 21.0, 39.0, 16.0, 46.0, 31.0, 11.0, 54.0, 18.0, 46.0, 52.0, 91.0, 14.0, 33.0, 46.0, 90.0, 6.0, 59.0, 39.0, 2.0, 81.0, 89.0, 42.0, 69.0, 63.0, 45.0, 37.0, 11.0, 62.0, 19.0, 49.0, 24.0, 87.0, 52.0, 90.0, 58.0, 46.0, 40.0, 43.0], [103.0, 48.0, 3.0, 56.0, 70.0, 56.0, 43.0, 31.0, 0.0, 58.0, 24.0, 105.0, 44.0, 115.0, 86.0, 97.0, 56.0, 71.0, 73.0, 108.0, 20.0, 35.0, 16.0, 41.0, 115.0, 29.0, 79.0, 49.0, 33.0, 109.0, 118.0, 41.0, 101.0, 119.0, 44.0, 69.0, 45.0, 94.0, 108.0, 113.0, 30.0, 43.0, 22.0, 8.0, 39.0, 68.0, 94.0, 83.0, 103.0, 102.0, 56.0, 81.0, 16.0, 3.0, 119.0, 92.0, 116.0, 108.0, 44.0, 34.0, 82.0, 7.0, 111.0, 101.0, 52.0, 99.0, 116.0, 109.0, 80.0, 57.0, 103.0, 62.0, 110.0, 8.0, 117.0, 123.0, 68.0, 66.0, 53.0, 66.0, 68.0, 67.0, 86.0, 51.0, 16.0, 112.0, 90.0, 101.0, 75.0, 97.0, 54.0, 18.0, 49.0, 4.0, 52.0, 51.0, 17.0, 35.0, 53.0, 38.0, 39.0, 13.0, 50.0, 57.0, 121.0, 37.0, 6.0, 19.0, 120.0, 36.0, 89.0, 65.0, 30.0, 111.0, 120.0, 12.0, 100.0, 93.0, 28.0, 65.0, 36.0, 92.0, 29.0, 80.0, 13.0, 117.0, 44.0, 119.0, 74.0, 18.0, 54.0, 68.0], [98.0, 103.0, 56.0, 16.0, 18.0, 57.0, 48.0, 29.0, 58.0, 0.0, 53.0, 48.0, 18.0, 70.0, 31.0, 61.0, 9.0, 38.0, 52.0, 61.0, 40.0, 50.0, 42.0, 30.0, 67.0, 39.0, 41.0, 49.0, 25.0, 67.0, 63.0, 30.0, 46.0, 62.0, 29.0, 42.0, 53.0, 57.0, 51.0, 70.0, 47.0, 62.0, 51.0, 52.0, 50.0, 14.0, 46.0, 57.0, 45.0, 48.0, 22.0, 30.0, 72.0, 59.0, 64.0, 35.0, 62.0, 71.0, 34.0, 65.0, 36.0, 59.0, 66.0, 45.0, 31.0, 45.0, 63.0, 70.0, 30.0, 63.0, 45.0, 6.0, 63.0, 57.0, 59.0, 66.0, 31.0, 43.0, 52.0, 60.0, 38.0, 49.0, 29.0, 48.0, 42.0, 54.0, 34.0, 44.0, 47.0, 39.0, 17.0, 43.0, 49.0, 62.0, 11.0, 34.0, 45.0, 58.0, 17.0, 20.0, 68.0, 47.0, 46.0, 50.0, 64.0, 22.0, 58.0, 69.0, 63.0, 24.0, 31.0, 13.0, 31.0, 53.0, 64.0, 68.0, 48.0, 35.0, 63.0, 8.0, 33.0, 34.0, 34.0, 27.0, 53.0, 59.0, 61.0, 62.0, 41.0, 70.0, 32.0, 46.0], [121.0, 53.0, 25.0, 58.0, 69.0, 73.0, 59.0, 25.0, 24.0, 53.0, 0.0, 94.0, 45.0, 97.0, 83.0, 76.0, 47.0, 78.0, 85.0, 91.0, 18.0, 52.0, 21.0, 49.0, 99.0, 14.0, 85.0, 64.0, 30.0, 91.0, 105.0, 49.0, 89.0, 107.0, 52.0, 78.0, 62.0, 75.0, 103.0, 95.0, 47.0, 63.0, 41.0, 27.0, 56.0, 66.0, 78.0, 61.0, 98.0, 89.0, 60.0, 68.0, 39.0, 21.0, 105.0, 82.0, 102.0, 88.0, 26.0, 57.0, 67.0, 30.0, 93.0, 89.0, 34.0, 86.0, 101.0, 89.0, 67.0, 76.0, 97.0, 58.0, 93.0, 31.0, 108.0, 112.0, 51.0, 76.0, 69.0, 82.0, 49.0, 46.0, 82.0, 66.0, 23.0, 104.0, 78.0, 96.0, 55.0, 90.0, 56.0, 15.0, 65.0, 26.0, 43.0, 60.0, 13.0, 56.0, 55.0, 36.0, 61.0, 15.0, 64.0, 71.0, 111.0, 37.0, 30.0, 43.0, 110.0, 30.0, 81.0, 63.0, 23.0, 102.0, 108.0, 35.0, 86.0, 86.0, 51.0, 60.0, 21.0, 84.0, 37.0, 68.0, 11.0, 108.0, 63.0, 113.0, 81.0, 42.0, 62.0, 48.0], [126.0, 147.0, 103.0, 58.0, 46.0, 97.0, 92.0, 74.0, 105.0, 48.0, 94.0, 0.0, 65.0, 43.0, 35.0, 53.0, 49.0, 67.0, 82.0, 34.0, 85.0, 96.0, 89.0, 75.0, 34.0, 81.0, 63.0, 91.0, 71.0, 46.0, 19.0, 76.0, 10.0, 15.0, 74.0, 73.0, 96.0, 48.0, 24.0, 45.0, 94.0, 107.0, 98.0, 99.0, 95.0, 44.0, 29.0, 63.0, 22.0, 13.0, 62.0, 27.0, 119.0, 105.0, 20.0, 12.0, 21.0, 55.0, 70.0, 112.0, 33.0, 106.0, 40.0, 8.0, 62.0, 15.0, 24.0, 53.0, 29.0, 104.0, 19.0, 45.0, 35.0, 105.0, 15.0, 19.0, 47.0, 77.0, 93.0, 96.0, 54.0, 66.0, 27.0, 89.0, 89.0, 13.0, 17.0, 25.0, 57.0, 15.0, 60.0, 88.0, 91.0, 108.0, 53.0, 75.0, 90.0, 104.0, 61.0, 67.0, 114.0, 93.0, 88.0, 89.0, 17.0, 70.0, 106.0, 117.0, 16.0, 69.0, 17.0, 47.0, 75.0, 9.0, 18.0, 115.0, 18.0, 19.0, 110.0, 42.0, 73.0, 15.0, 81.0, 27.0, 97.0, 15.0, 106.0, 23.0, 68.0, 117.0, 72.0, 62.0], [86.0, 91.0, 41.0, 13.0, 26.0, 42.0, 31.0, 21.0, 44.0, 18.0, 45.0, 65.0, 0.0, 87.0, 42.0, 76.0, 22.0, 34.0, 43.0, 78.0, 28.0, 32.0, 29.0, 13.0, 84.0, 33.0, 40.0, 33.0, 16.0, 84.0, 81.0, 13.0, 64.0, 80.0, 13.0, 35.0, 36.0, 71.0, 65.0, 86.0, 30.0, 44.0, 34.0, 37.0, 33.0, 24.0, 63.0, 68.0, 60.0, 65.0, 15.0, 47.0, 56.0, 45.0, 82.0, 53.0, 80.0, 87.0, 36.0, 47.0, 52.0, 43.0, 83.0, 63.0, 37.0, 63.0, 81.0, 86.0, 47.0, 48.0, 60.0, 20.0, 80.0, 42.0, 76.0, 84.0, 44.0, 34.0, 37.0, 47.0, 49.0, 57.0, 43.0, 33.0, 28.0, 70.0, 52.0, 58.0, 59.0, 55.0, 11.0, 32.0, 33.0, 47.0, 20.0, 20.0, 34.0, 41.0, 10.0, 11.0, 50.0, 35.0, 31.0, 36.0, 81.0, 8.0, 43.0, 52.0, 80.0, 17.0, 48.0, 21.0, 23.0, 70.0, 82.0, 52.0, 65.0, 50.0, 45.0, 23.0, 31.0, 51.0, 16.0, 45.0, 42.0, 76.0, 44.0, 77.0, 37.0, 53.0, 20.0, 55.0], [164.0, 148.0, 114.0, 86.0, 78.0, 127.0, 118.0, 86.0, 115.0, 70.0, 97.0, 43.0, 87.0, 0.0, 74.0, 24.0, 65.0, 102.0, 118.0, 10.0, 96.0, 119.0, 101.0, 100.0, 10.0, 87.0, 100.0, 119.0, 86.0, 8.0, 31.0, 100.0, 35.0, 40.0, 100.0, 108.0, 123.0, 23.0, 67.0, 4.0, 116.0, 132.0, 117.0, 112.0, 120.0, 75.0, 24.0, 41.0, 65.0, 31.0, 91.0, 41.0, 131.0, 114.0, 30.0, 45.0, 25.0, 17.0, 72.0, 133.0, 35.0, 119.0, 4.0, 37.0, 64.0, 31.0, 22.0, 14.0, 41.0, 134.0, 62.0, 72.0, 8.0, 118.0, 52.0, 43.0, 48.0, 111.0, 122.0, 129.0, 48.0, 54.0, 65.0, 118.0, 102.0, 54.0, 41.0, 67.0, 44.0, 56.0, 87.0, 97.0, 119.0, 119.0, 69.0, 104.0, 98.0, 127.0, 87.0, 84.0, 136.0, 102.0, 117.0, 119.0, 45.0, 88.0, 119.0, 132.0, 45.0, 82.0, 53.0, 77.0, 86.0, 50.0, 36.0, 127.0, 27.0, 58.0, 130.0, 69.0, 79.0, 53.0, 100.0, 44.0, 104.0, 52.0, 131.0, 62.0, 104.0, 132.0, 101.0, 51.0], [92.0, 132.0, 83.0, 31.0, 16.0, 64.0, 62.0, 59.0, 86.0, 31.0, 83.0, 35.0, 42.0, 74.0, 0.0, 75.0, 38.0, 32.0, 48.0, 63.0, 69.0, 68.0, 70.0, 48.0, 66.0, 69.0, 28.0, 60.0, 55.0, 74.0, 54.0, 49.0, 40.0, 48.0, 46.0, 39.0, 66.0, 69.0, 24.0, 75.0, 67.0, 76.0, 74.0, 79.0, 66.0, 18.0, 53.0, 77.0, 19.0, 43.0, 32.0, 38.0, 98.0, 87.0, 55.0, 29.0, 56.0, 81.0, 64.0, 84.0, 47.0, 85.0, 70.0, 38.0, 60.0, 42.0, 58.0, 79.0, 40.0, 72.0, 21.0, 25.0, 66.0, 83.0, 40.0, 50.0, 53.0, 43.0, 61.0, 62.0, 61.0, 74.0, 9.0, 57.0, 70.0, 33.0, 33.0, 17.0, 69.0, 20.0, 33.0, 72.0, 60.0, 89.0, 41.0, 45.0, 74.0, 76.0, 34.0, 49.0, 85.0, 76.0, 57.0, 56.0, 48.0, 49.0, 85.0, 93.0, 47.0, 54.0, 21.0, 21.0, 61.0, 35.0, 52.0, 94.0, 47.0, 16.0, 83.0, 23.0, 64.0, 21.0, 58.0, 35.0, 82.0, 40.0, 76.0, 37.0, 33.0, 94.0, 41.0, 69.0], [159.0, 126.0, 96.0, 78.0, 74.0, 117.0, 107.0, 69.0, 97.0, 61.0, 76.0, 53.0, 76.0, 24.0, 75.0, 0.0, 54.0, 98.0, 112.0, 24.0, 78.0, 106.0, 83.0, 88.0, 31.0, 68.0, 98.0, 109.0, 70.0, 16.0, 49.0, 89.0, 43.0, 56.0, 89.0, 103.0, 111.0, 5.0, 75.0, 21.0, 102.0, 119.0, 102.0, 95.0, 108.0, 70.0, 24.0, 18.0, 72.0, 40.0, 83.0, 36.0, 113.0, 95.0, 48.0, 49.0, 43.0, 12.0, 53.0, 119.0, 28.0, 101.0, 22.0, 45.0, 45.0, 38.0, 40.0, 13.0, 35.0, 124.0, 70.0, 64.0, 24.0, 100.0, 65.0, 61.0, 32.0, 105.0, 112.0, 121.0, 29.0, 31.0, 66.0, 108.0, 85.0, 66.0, 43.0, 74.0, 22.0, 62.0, 79.0, 79.0, 109.0, 100.0, 56.0, 95.0, 79.0, 114.0, 79.0, 70.0, 122.0, 83.0, 107.0, 111.0, 61.0, 75.0, 101.0, 114.0, 61.0, 67.0, 56.0, 71.0, 69.0, 61.0, 53.0, 109.0, 35.0, 63.0, 115.0, 63.0, 61.0, 57.0, 86.0, 40.0, 85.0, 66.0, 119.0, 75.0, 100.0, 114.0, 93.0, 29.0], [106.0, 99.0, 54.0, 25.0, 27.0, 63.0, 53.0, 26.0, 56.0, 9.0, 47.0, 49.0, 22.0, 65.0, 38.0, 54.0, 0.0, 47.0, 60.0, 56.0, 37.0, 54.0, 40.0, 35.0, 63.0, 33.0, 50.0, 55.0, 23.0, 62.0, 63.0, 35.0, 46.0, 63.0, 35.0, 51.0, 58.0, 50.0, 56.0, 64.0, 50.0, 66.0, 53.0, 51.0, 55.0, 23.0, 42.0, 48.0, 50.0, 46.0, 30.0, 26.0, 71.0, 56.0, 63.0, 36.0, 61.0, 65.0, 26.0, 68.0, 30.0, 58.0, 61.0, 45.0, 22.0, 43.0, 61.0, 64.0, 26.0, 70.0, 50.0, 14.0, 58.0, 57.0, 62.0, 67.0, 23.0, 52.0, 58.0, 67.0, 29.0, 40.0, 35.0, 54.0, 40.0, 57.0, 33.0, 49.0, 39.0, 42.0, 25.0, 39.0, 55.0, 60.0, 5.0, 41.0, 41.0, 62.0, 25.0, 19.0, 71.0, 44.0, 53.0, 57.0, 65.0, 23.0, 58.0, 69.0, 64.0, 20.0, 34.0, 22.0, 27.0, 55.0, 64.0, 67.0, 45.0, 39.0, 65.0, 15.0, 27.0, 37.0, 35.0, 25.0, 49.0, 62.0, 66.0, 65.0, 50.0, 70.0, 39.0, 37.0], [62.0, 119.0, 69.0, 23.0, 24.0, 33.0, 36.0, 55.0, 71.0, 38.0, 78.0, 67.0, 34.0, 102.0, 32.0, 98.0, 47.0, 0.0, 16.0, 92.0, 61.0, 44.0, 60.0, 30.0, 96.0, 67.0, 8.0, 31.0, 50.0, 101.0, 86.0, 30.0, 71.0, 80.0, 27.0, 7.0, 38.0, 93.0, 54.0, 102.0, 45.0, 49.0, 53.0, 64.0, 41.0, 27.0, 79.0, 95.0, 51.0, 74.0, 19.0, 63.0, 79.0, 74.0, 87.0, 58.0, 87.0, 107.0, 69.0, 58.0, 71.0, 69.0, 98.0, 69.0, 68.0, 72.0, 89.0, 105.0, 63.0, 41.0, 53.0, 34.0, 94.0, 67.0, 72.0, 83.0, 69.0, 11.0, 31.0, 30.0, 76.0, 87.0, 40.0, 29.0, 58.0, 66.0, 61.0, 48.0, 85.0, 52.0, 24.0, 64.0, 31.0, 74.0, 48.0, 21.0, 66.0, 50.0, 25.0, 44.0, 58.0, 67.0, 28.0, 26.0, 80.0, 41.0, 68.0, 72.0, 79.0, 51.0, 51.0, 27.0, 57.0, 67.0, 84.0, 77.0, 76.0, 48.0, 59.0, 35.0, 64.0, 52.0, 43.0, 59.0, 73.0, 72.0, 48.0, 68.0, 3.0, 74.0, 17.0, 84.0], [46.0, 119.0, 71.0, 36.0, 39.0, 23.0, 32.0, 63.0, 73.0, 52.0, 85.0, 82.0, 43.0, 118.0, 48.0, 112.0, 60.0, 16.0, 0.0, 107.0, 66.0, 41.0, 64.0, 35.0, 112.0, 74.0, 20.0, 26.0, 58.0, 116.0, 101.0, 35.0, 86.0, 96.0, 32.0, 10.0, 32.0, 107.0, 69.0, 118.0, 44.0, 41.0, 53.0, 66.0, 37.0, 43.0, 94.0, 109.0, 65.0, 89.0, 30.0, 78.0, 78.0, 76.0, 102.0, 74.0, 103.0, 122.0, 79.0, 52.0, 86.0, 69.0, 113.0, 84.0, 80.0, 88.0, 104.0, 120.0, 78.0, 30.0, 68.0, 48.0, 110.0, 67.0, 87.0, 98.0, 83.0, 9.0, 23.0, 16.0, 89.0, 99.0, 55.0, 23.0, 63.0, 81.0, 77.0, 63.0, 99.0, 67.0, 35.0, 70.0, 25.0, 76.0, 60.0, 24.0, 72.0, 45.0, 36.0, 54.0, 51.0, 71.0, 24.0, 18.0, 95.0, 50.0, 69.0, 70.0, 94.0, 60.0, 67.0, 41.0, 65.0, 82.0, 100.0, 76.0, 91.0, 64.0, 55.0, 49.0, 74.0, 67.0, 48.0, 75.0, 78.0, 87.0, 41.0, 82.0, 15.0, 72.0, 23.0, 97.0], [153.0, 143.0, 107.0, 76.0, 68.0, 117.0, 109.0, 78.0, 108.0, 61.0, 91.0, 34.0, 78.0, 10.0, 63.0, 24.0, 56.0, 92.0, 107.0, 0.0, 88.0, 110.0, 93.0, 90.0, 8.0, 80.0, 90.0, 109.0, 78.0, 13.0, 25.0, 91.0, 25.0, 33.0, 90.0, 98.0, 113.0, 21.0, 57.0, 12.0, 107.0, 123.0, 109.0, 105.0, 111.0, 65.0, 15.0, 40.0, 56.0, 21.0, 81.0, 31.0, 124.0, 107.0, 24.0, 35.0, 19.0, 23.0, 66.0, 125.0, 26.0, 112.0, 6.0, 27.0, 57.0, 21.0, 16.0, 20.0, 31.0, 124.0, 53.0, 62.0, 2.0, 110.0, 44.0, 37.0, 41.0, 101.0, 113.0, 119.0, 42.0, 51.0, 55.0, 108.0, 94.0, 46.0, 31.0, 58.0, 40.0, 47.0, 77.0, 90.0, 110.0, 112.0, 60.0, 94.0, 91.0, 118.0, 78.0, 75.0, 127.0, 95.0, 107.0, 110.0, 38.0, 80.0, 111.0, 124.0, 38.0, 74.0, 43.0, 67.0, 78.0, 41.0, 30.0, 120.0, 17.0, 48.0, 121.0, 60.0, 72.0, 43.0, 92.0, 34.0, 98.0, 44.0, 122.0, 54.0, 94.0, 124.0, 92.0, 47.0], [104.0, 64.0, 19.0, 41.0, 53.0, 56.0, 42.0, 11.0, 20.0, 40.0, 18.0, 85.0, 28.0, 96.0, 69.0, 78.0, 37.0, 61.0, 66.0, 88.0, 0.0, 36.0, 5.0, 31.0, 96.0, 12.0, 67.0, 46.0, 14.0, 90.0, 99.0, 31.0, 82.0, 99.0, 34.0, 60.0, 45.0, 75.0, 90.0, 94.0, 31.0, 48.0, 27.0, 17.0, 39.0, 51.0, 74.0, 65.0, 85.0, 82.0, 43.0, 62.0, 36.0, 20.0, 99.0, 73.0, 96.0, 90.0, 26.0, 44.0, 62.0, 23.0, 92.0, 81.0, 33.0, 79.0, 96.0, 90.0, 60.0, 59.0, 85.0, 44.0, 90.0, 22.0, 98.0, 104.0, 48.0, 58.0, 51.0, 64.0, 49.0, 50.0, 69.0, 48.0, 7.0, 93.0, 70.0, 83.0, 57.0, 78.0, 39.0, 4.0, 47.0, 24.0, 32.0, 42.0, 6.0, 41.0, 38.0, 20.0, 48.0, 7.0, 46.0, 53.0, 102.0, 20.0, 23.0, 36.0, 101.0, 16.0, 70.0, 48.0, 10.0, 92.0, 100.0, 32.0, 80.0, 74.0, 38.0, 47.0, 17.0, 73.0, 19.0, 60.0, 14.0, 98.0, 48.0, 101.0, 63.0, 36.0, 44.0, 51.0], [69.0, 79.0, 32.0, 38.0, 52.0, 22.0, 9.0, 39.0, 35.0, 50.0, 52.0, 96.0, 32.0, 119.0, 68.0, 106.0, 54.0, 44.0, 41.0, 110.0, 36.0, 0.0, 31.0, 21.0, 117.0, 47.0, 52.0, 15.0, 37.0, 115.0, 113.0, 20.0, 96.0, 111.0, 22.0, 39.0, 10.0, 102.0, 92.0, 118.0, 5.0, 13.0, 13.0, 28.0, 4.0, 53.0, 96.0, 96.0, 87.0, 98.0, 36.0, 80.0, 37.0, 38.0, 114.0, 85.0, 112.0, 118.0, 59.0, 16.0, 84.0, 30.0, 115.0, 95.0, 63.0, 95.0, 113.0, 117.0, 79.0, 23.0, 88.0, 51.0, 112.0, 28.0, 106.0, 114.0, 74.0, 35.0, 19.0, 32.0, 78.0, 83.0, 72.0, 18.0, 30.0, 100.0, 84.0, 85.0, 87.0, 84.0, 36.0, 38.0, 16.0, 36.0, 51.0, 24.0, 40.0, 8.0, 36.0, 37.0, 17.0, 37.0, 17.0, 23.0, 112.0, 32.0, 29.0, 29.0, 111.0, 40.0, 79.0, 50.0, 40.0, 100.0, 114.0, 35.0, 98.0, 80.0, 16.0, 54.0, 51.0, 81.0, 21.0, 77.0, 43.0, 106.0, 13.0, 105.0, 45.0, 32.0, 28.0, 82.0], [100.0, 62.0, 14.0, 41.0, 55.0, 52.0, 38.0, 15.0, 16.0, 42.0, 21.0, 89.0, 29.0, 101.0, 70.0, 83.0, 40.0, 60.0, 64.0, 93.0, 5.0, 31.0, 0.0, 30.0, 100.0, 17.0, 67.0, 43.0, 17.0, 95.0, 102.0, 29.0, 86.0, 103.0, 33.0, 58.0, 41.0, 80.0, 92.0, 99.0, 26.0, 43.0, 21.0, 12.0, 35.0, 52.0, 79.0, 71.0, 87.0, 86.0, 43.0, 66.0, 31.0, 16.0, 103.0, 76.0, 100.0, 95.0, 31.0, 38.0, 67.0, 18.0, 96.0, 85.0, 38.0, 83.0, 100.0, 95.0, 64.0, 55.0, 87.0, 46.0, 95.0, 17.0, 101.0, 107.0, 53.0, 56.0, 48.0, 61.0, 54.0, 56.0, 71.0, 45.0, 2.0, 96.0, 73.0, 85.0, 62.0, 81.0, 39.0, 7.0, 44.0, 20.0, 36.0, 40.0, 8.0, 36.0, 38.0, 22.0, 42.0, 7.0, 43.0, 50.0, 105.0, 21.0, 18.0, 31.0, 104.0, 20.0, 73.0, 50.0, 15.0, 95.0, 104.0, 27.0, 84.0, 77.0, 33.0, 49.0, 23.0, 76.0, 16.0, 64.0, 14.0, 101.0, 43.0, 104.0, 62.0, 31.0, 43.0, 56.0], [76.0, 89.0, 39.0, 18.0, 32.0, 29.0, 19.0, 28.0, 41.0, 30.0, 49.0, 75.0, 13.0, 100.0, 48.0, 88.0, 35.0, 30.0, 35.0, 90.0, 31.0, 21.0, 30.0, 0.0, 96.0, 39.0, 38.0, 20.0, 24.0, 96.0, 92.0, 1.0, 75.0, 90.0, 3.0, 29.0, 23.0, 84.0, 72.0, 99.0, 19.0, 32.0, 26.0, 34.0, 21.0, 32.0, 76.0, 80.0, 67.0, 77.0, 16.0, 59.0, 51.0, 43.0, 93.0, 64.0, 92.0, 99.0, 46.0, 37.0, 65.0, 39.0, 95.0, 74.0, 48.0, 74.0, 92.0, 98.0, 59.0, 35.0, 68.0, 30.0, 92.0, 37.0, 85.0, 93.0, 56.0, 27.0, 25.0, 35.0, 61.0, 69.0, 51.0, 20.0, 28.0, 79.0, 64.0, 65.0, 71.0, 63.0, 16.0, 35.0, 21.0, 45.0, 32.0, 11.0, 37.0, 29.0, 15.0, 20.0, 39.0, 37.0, 19.0, 24.0, 91.0, 16.0, 39.0, 45.0, 90.0, 26.0, 58.0, 29.0, 30.0, 79.0, 93.0, 48.0, 77.0, 59.0, 35.0, 33.0, 39.0, 60.0, 13.0, 57.0, 43.0, 85.0, 32.0, 85.0, 33.0, 47.0, 13.0, 67.0], [157.0, 151.0, 114.0, 81.0, 73.0, 122.0, 115.0, 85.0, 115.0, 67.0, 99.0, 34.0, 84.0, 10.0, 66.0, 31.0, 63.0, 96.0, 112.0, 8.0, 96.0, 117.0, 100.0, 96.0, 0.0, 88.0, 93.0, 115.0, 84.0, 17.0, 21.0, 97.0, 26.0, 30.0, 96.0, 102.0, 119.0, 28.0, 57.0, 14.0, 113.0, 128.0, 116.0, 112.0, 117.0, 70.0, 21.0, 47.0, 56.0, 23.0, 86.0, 37.0, 131.0, 115.0, 19.0, 38.0, 15.0, 27.0, 73.0, 131.0, 33.0, 119.0, 9.0, 28.0, 65.0, 24.0, 12.0, 24.0, 37.0, 129.0, 53.0, 67.0, 7.0, 118.0, 42.0, 33.0, 48.0, 105.0, 118.0, 123.0, 50.0, 58.0, 57.0, 114.0, 101.0, 44.0, 34.0, 58.0, 48.0, 48.0, 83.0, 97.0, 115.0, 119.0, 67.0, 100.0, 99.0, 125.0, 83.0, 82.0, 134.0, 102.0, 112.0, 115.0, 35.0, 86.0, 118.0, 131.0, 35.0, 81.0, 46.0, 72.0, 86.0, 40.0, 26.0, 127.0, 20.0, 50.0, 128.0, 65.0, 80.0, 46.0, 98.0, 39.0, 105.0, 42.0, 128.0, 52.0, 97.0, 131.0, 97.0, 54.0], [114.0, 66.0, 28.0, 45.0, 55.0, 66.0, 52.0, 12.0, 29.0, 39.0, 14.0, 81.0, 33.0, 87.0, 69.0, 68.0, 33.0, 67.0, 74.0, 80.0, 12.0, 47.0, 17.0, 39.0, 88.0, 0.0, 72.0, 57.0, 17.0, 81.0, 93.0, 39.0, 76.0, 94.0, 42.0, 67.0, 56.0, 66.0, 89.0, 85.0, 42.0, 60.0, 38.0, 27.0, 50.0, 52.0, 67.0, 54.0, 84.0, 76.0, 48.0, 56.0, 45.0, 27.0, 93.0, 69.0, 89.0, 80.0, 15.0, 55.0, 55.0, 33.0, 83.0, 76.0, 23.0, 73.0, 89.0, 80.0, 54.0, 70.0, 83.0, 44.0, 82.0, 33.0, 94.0, 99.0, 40.0, 66.0, 61.0, 74.0, 39.0, 39.0, 68.0, 58.0, 19.0, 90.0, 65.0, 82.0, 46.0, 76.0, 43.0, 11.0, 57.0, 32.0, 29.0, 50.0, 11.0, 52.0, 42.0, 23.0, 59.0, 15.0, 56.0, 62.0, 97.0, 25.0, 33.0, 47.0, 97.0, 16.0, 67.0, 50.0, 10.0, 88.0, 95.0, 41.0, 74.0, 72.0, 50.0, 46.0, 8.0, 70.0, 28.0, 55.0, 17.0, 95.0, 60.0, 99.0, 69.0, 46.0, 51.0, 40.0], [64.0, 127.0, 77.0, 28.0, 24.0, 41.0, 44.0, 61.0, 79.0, 41.0, 85.0, 63.0, 40.0, 100.0, 28.0, 98.0, 50.0, 8.0, 20.0, 90.0, 67.0, 52.0, 67.0, 38.0, 93.0, 72.0, 0.0, 40.0, 56.0, 100.0, 82.0, 38.0, 68.0, 76.0, 35.0, 14.0, 46.0, 93.0, 48.0, 101.0, 53.0, 57.0, 61.0, 71.0, 49.0, 28.0, 78.0, 97.0, 45.0, 71.0, 25.0, 62.0, 87.0, 81.0, 83.0, 56.0, 84.0, 106.0, 73.0, 66.0, 70.0, 77.0, 96.0, 65.0, 71.0, 70.0, 85.0, 104.0, 63.0, 48.0, 47.0, 36.0, 92.0, 74.0, 66.0, 78.0, 71.0, 19.0, 39.0, 36.0, 78.0, 90.0, 36.0, 37.0, 65.0, 60.0, 59.0, 42.0, 87.0, 48.0, 29.0, 71.0, 39.0, 82.0, 51.0, 29.0, 73.0, 59.0, 30.0, 50.0, 66.0, 73.0, 37.0, 34.0, 75.0, 48.0, 76.0, 80.0, 74.0, 56.0, 48.0, 28.0, 63.0, 62.0