30 2374.676224272027 0 1680 1 1681
[8.1555541521311, 40.11355363209619, 23.668144171575292, 85.92307765427567, 53.932383209982234, 45.211325288317894, 25.924457162762153, 76.0756459928002, 25.66603943730908, 47.77811278683551, 87.42563456652375, 58.45418372448812, 21.510160352662695, 81.04927723636762, 51.232563510058995, 74.94644687836025, 90.76616625553311, 45.33521037661803, 16.209340874057, 42.05900676792274, 87.28410565715983, 88.91342834145914, 51.98913241030645, 13.624499988186512, 88.55028246702472, 77.10745593481367, 49.459217536177334, 19.455455862923117, 74.78635453151394, 55.72470969508622]
[47.63666615110562, 13.164000005352836, 41.48822795869104, 51.21536290475272, 57.00770549429781, 44.019910277183534, 48.86916967456878, 80.38011930680584, 42.9741430160519, 80.14185063514701, 20.881107888613787, 91.99049793909799, 17.041160039872, 78.95796883671127, 58.40541893556188, 9.137402140381088, 92.5817182748768, 79.86288321223007, 10.092049405870727, 9.34338308340989, 6.791986295529781, 45.385890308682185, 58.62115834855468, 74.05925224445967, 57.020639946162724, 15.568896388708682, 74.37651950133007, 91.83386111909996, 58.27410715274747, 14.113907303616044]
[4, 2, 4, 6, 5, 5, 4, 9, 4, 8, 3, 8, 1, 9, 5, 3, 9, 8, 1, 2, 3, 6, 5, 7, 6, 3, 8, 7, 6, 2]
[1, 2, 3, 4, 5, 6, 7, 8, 9, 10, 11, 12, 13, 14, 15, 16, 17, 18, 19, 20, 21, 22, 23, 24, 25, 26, 27, 28, 29, 30]
[1, 1, 1, 2, 3, 3, 1, 1, 1, 2, 1, 2, 2, 1, 3, 1, 1, 2, 2, 1, 1, 2, 3, 3, 2, 1, 2, 3, 2, 1]
[2, 2, 2, 3, 2, 2, 2, 2, 2, 3, 3, 3, 3, 2, 2, 3, 2, 3, 3, 2, 3, 3, 2, 2, 3, 3, 3, 2, 3, 2]
[2, 1, 2, 6, 10, 2, 7, 2, 10, 1, 8, 9, 6, 6, 10, 5, 10, 1, 9, 4, 1, 6, 7, 1, 1, 4, 5, 10, 1, 4]
[3722.951086326218, 1758.9563959319523, 3744.319373954875, 1055.3980697421975, 3208.7920293569323, 3594.1483371700424, 3304.006598854244, 3761.906313286991, 3330.472942077906, 2757.931718175225, 3375.5508216411063, 3495.8814021230887, 1329.8138401337876, 1370.7458909587613, 2821.4587911040635, 4189.128267425849, 2930.8189820558937, 2335.162217633977, 3339.2100314479057, 3026.8639587235666, 2354.166626745744, 1328.0087436013978, 3168.4413401655993, 1794.3948583827314, 4393.376517448987, 2894.3034610117847, 4128.427990912765, 2753.757681093544, 3944.1164996760435, 2126.643873717561]
[0.18993963743672435, 0.6271738270314524, 0.19790079876038338, 0.8811736508452308, 0.1979589989446561, 0.20077100489533797, 0.22320437516467515, 0.1908088735674706, 0.3726254583826476, 0.6606392967947173, 0.830260330483646, 0.6596936062799038, 0.8543484241200536, 0.8788901112852247, 0.060191293962465475, 0.07321164434952739, 0.20112766087219344, 0.6103700522355784, 0.7304260569182572, 0.6407939402028588, 0.5150040458733662, 0.7329589978446244, 0.16289475072815304, 0.6945221503034348, 0.5330769350198513, 0.540133259419986, 0.09830033186913209, 0.19486335927615936, 0.7323036294811902, 0.15605861991354944]
[1.054220664078682, 1.055701105639128, 1.0537239299979997, 1.0199654846317245, 0.9427949253174983, 0.8469345450784282, 1.0506242289561918, 0.548562480858013, 0.529594830321577, 0.6341794505030287, 0.8186394397410821, 0.530438840454362, 0.5430297183499543, 0.7876609602323326, 0.7529231431835937, 1.0474326013902227, 0.5950659926888988, 0.7844550080042137, 0.9154545603321804, 0.8707205392248568, 0.5999132162248835, 0.8837530978227042, 0.8669097782159795, 0.9943838379957917, 0.8607273691943176, 0.5484413637982337, 0.6562852402585145, 0.8453930729401882, 0.5814711437793932, 0.7673700505882556]
[0.5790140018946779, 0.5828588901604119, 0.5893268602292395, 0.5369347382402104, 1.0004610484267364, 0.6666637965639798, 0.5315877420786058, 0.5221189407138026, 1.0268032832331722, 0.5906058605687877, 1.0180243880567712, 0.7796948777631486, 0.9148671952504488, 0.5365205492814323, 0.999529006710475, 0.753437432966652, 0.8651531829831016, 0.8194509216851404, 0.898826882678155, 0.7418709489188453, 0.8517930103666929, 0.9549114908216271, 0.9314135807675227, 0.980997726513315, 0.7534187215788176, 0.7533019127405092, 0.9447333605903125, 0.8857943502796211, 0.5440249497166996, 0.6890343405638196]
[0.6338164189879923, 0.9186699503203251, 0.6330898952686144, 0.7047115507352775, 1.0864704090868724, 0.9484227763454739, 0.5046439353235194, 0.6866499647327258, 0.6597679753309146, 0.6528764736609343, 0.991805065901151, 0.7907427546493595, 1.03386737979008, 0.6813997517348408, 0.687154504404435, 0.6466381115290988, 0.6752341217342634, 0.9026870760976271, 0.8580913944250279, 0.6779605810903202, 0.8218324819227927, 0.7606026105836712, 0.6114303005393797, 0.6815701780229328, 0.833436671272429, 0.52171573799529, 0.5759115130351514, 0.5265162339180389, 0.8944262146235091, 0.8748555487225933]
[0.997346379821936, 0.9321463915763403, 1.0506097834188832, 0.7908756467825189, 0.8799454036816521, 0.8205480221226367, 0.711016945792832, 0.9576302112573442, 0.5475022742382373, 0.5855638072041495, 1.089337267651742, 0.9317467467164129, 0.9343587573022896, 0.6321249039906087, 0.9983831793248108, 0.929405543411499, 0.9419277040285361, 1.0626964649284618, 0.9929956788283489, 0.8395265438017153, 0.6294943300481852, 1.0665367741252714, 0.8458790243129604, 0.6120905343061754, 0.9246711575887359, 0.9640939927211236, 0.6214314725155003, 1.037178522166414, 0.6743641471224067, 0.621271786105488]
[1.0905224692506965, 1.0353255608135044, 0.8990597819278978, 0.6500422263634942, 0.7855730983365417, 1.0597533965552524, 1.0286761160392635, 0.8829534418318317, 0.6511145272928595, 1.0679638794695747, 0.6658967369672929, 1.0565592420314833, 0.8312781025101024, 0.5156289917718301, 1.0085377809698866, 0.8482890674891874, 0.5869662154875211, 0.8768349133863371, 0.6291254997801603, 0.6459867814313112, 0.5673845429448772, 0.668369838985974, 0.973508994544118, 0.8483616582530817, 0.8102006614038271, 0.679032128951735, 0.7454048671251461, 0.9132382403021739, 0.7050993410719636, 0.8453752010471667]
[0.4207893214733517, 0.5455379548621636, 0.37134576193973085, 0.19841209365379894, 0.7083985331315183, 0.46565847740676364, 0.20614178689216625, 0.16629017616436648, 0.12789852318000886, 0.15292261880680258, 0.5995790045514471, 0.3219489090125111, 0.3989389926978591, 0.09385726198970082, 0.5207027529474982, 0.4023311944253271, 0.19219549221713605, 0.5406986465985133, 0.44109388707567926, 0.2375033066141399, 0.1499944282513315, 0.4575563198877132, 0.4065478314642894, 0.3452465387592661, 0.40490629684568274, 0.14110516489793648, 0.16540289926537977, 0.3734573064097257, 0.13453531058814416, 0.24294792724042027]
[354.0958815722336, 649.8920243663441, 400.0772013764494, 667.7687706257301, 1114.99030883448, 529.6537618676217, 69.74699113625203, 489.5310936169125, 1878.0515636587454, 475.83259639077136, 172.42077658478763, 243.18945037130104, 785.8452653416829, 690.9138136947062, 1484.2455612497251, 200.0731449823692, 1477.9325426285488, 669.435685824909, 195.59276305943558, 145.42491908478692, 700.6357317607095, 449.58718295693484, 225.59151614656525, 521.4962273182185, 589.9423430581693, 99.40795789270895, 170.21998816694574, 1517.693939145356, 650.656410236766, 83.36737241448566]
[157.87708063362447, 334.6148303421065, 158.42567750769402, 131.53849170771704, 764.7213788886168, 239.96013811082045, 14.781132318013412, 96.8019053188887, 254.13002539840994, 66.60289615600698, 107.47630555916452, 80.1546750079022, 317.4151255317955, 59.814884433934246, 785.404945461446, 85.04380730213303, 263.0977636638802, 370.6190814253539, 83.02236349618799, 35.02169134752744, 109.19931604241911, 215.20108528137126, 88.34253844287427, 169.9243430941569, 247.13699046905566, 13.660804620763866, 30.769542148305263, 505.35908982740006, 85.18748030738212, 21.88681431654721]
[1270.479407861168, 2749.4601218317202, 1500.386006882247, 2838.84385312865, 5074.951544172401, 2148.2688093381075, -151.26504431873985, 1947.6554680845625, 8890.257818293729, 1879.1629819538566, 362.1038829239383, 715.9472518565051, 3429.2263267084145, 2954.569068473531, 6921.227806248626, 500.36572491184603, 6889.662713142744, 2847.1784291245453, 477.963815297178, 227.12459542393472, 3003.178658803548, 1747.9359147846742, 627.9575807328264, 2107.481136591093, 2449.7117152908463, -2.960210536455281, 351.09994083472884, 7088.46969572678, 2753.28205118383, -83.16313792757175]
[289.3854031681224, 1173.074151710532, 292.1283875384701, 157.69245853858519, 3323.6068944430845, 699.8006905541023, -426.0943384099329, -15.990473405556479, 770.6501269920498, -166.98551921996514, 37.38152779582257, -99.22662496048905, 1087.0756276589777, -200.92557783032882, 3427.02472730723, -74.78096348933482, 815.4888183194006, 1353.0954071267695, -84.8881825190601, -324.8915432623628, 45.996580212095594, 576.0054264068561, -58.287307785628585, 349.62171547078464, 735.6849523452786, -431.69597689618064, -346.1522892584737, 2026.7954491370003, -74.06259846308944, -390.56592841726393]
[74.45902172652437, 35.17912791863905, 74.88638747909751, 31.661942092265928, 128.3516811742773, 143.76593348680169, 66.08013197708489, 75.23812626573981, 66.60945884155811, 82.73795154525675, 67.51101643282212, 104.87644206369266, 39.89441520401363, 27.414917819175226, 112.85835164416254, 83.78256534851698, 58.616379641117874, 70.05486652901931, 100.17630094343717, 60.53727917447134, 47.08333253491488, 39.84026230804193, 126.73765360662398, 71.77579433530926, 131.8012955234696, 57.8860692202357, 123.85283972738296, 110.15030724374175, 118.32349499028132, 42.53287747435122]
[75, 36, 75, 43, 193, 216, 67, 76, 67, 111, 68, 140, 54, 28, 170, 84, 59, 94, 134, 61, 48, 54, 191, 108, 176, 58, 166, 166, 158, 43]
[707, 1642, 562, 523, 545, 651, 935, 458, 1060, 1366, 1624, 1556, 85, 1276, 1351, 469, 551, 838, 71, 334, 1452, 1109, 1127, 1505, 955, 1269, 593, 1160, 667, 768]
[1379, 1680, 1680, 1680, 1553, 1323, 1607, 1466, 1396, 1680, 1680, 1680, 421, 1680, 1680, 1680, 1559, 1680, 1680, 1680, 1680, 1445, 1463, 1680, 1680, 1680, 1601, 1680, 1675, 1104]
2
[0.0, 0.0]
[33.333333333333336, 66.66666666666667]
[[0.0, 33.333333333333336, 16.46506584330304, 44.898766039728116, 25.033644458551404, 87.76412852171327, 58.89972712945471, 46.45715080698475, 30.223164791357338, 89.44777237950416, 27.41697998934064, 66.88636149070874, 88.30798094105353, 82.81035294263623, 26.98373415636607, 93.00856253783128, 57.03845229542703, 78.75539972589152, 108.3921955442752, 64.96368456164532, 28.33549029341661, 48.419807551228175, 91.23024828943174, 89.72659510466124, 57.813008767723126, 42.94446962163733, 91.66373884781297, 79.12733396683333, 64.2709680190967, 61.650843579365585, 78.835531474231, 58.94598890097112], [33.333333333333336, 0.0, 20.703960566775542, 66.87026637352898, 34.556255935760156, 87.30130618453325, 54.79048721847345, 50.56618938866848, 31.44564164343961, 77.3017638643207, 34.92966156910836, 49.642004839208134, 98.68920392817995, 63.70390902614048, 54.08676276468489, 81.97598093083681, 51.89435208080849, 94.48061270242809, 94.39325630882362, 47.216749475261594, 58.85091375481714, 71.09795279099566, 105.8465514313813, 91.42466396892219, 52.60798506760344, 15.50088131214117, 89.07411720855022, 92.50157776015607, 50.056528345692115, 31.810414009263358, 75.25578967300768, 76.596578169474], [16.46506584330304, 20.703960566775542, 0.0, 47.00721691355466, 16.68663361248463, 77.8498219786736, 46.726164586486014, 37.23185595090586, 17.81159675987985, 75.40074668200879, 18.120602001791934, 51.249723619763586, 83.66364531169958, 67.06127445206145, 33.38308704978931, 79.33800392626905, 44.402643747368714, 77.09226083423756, 94.04557906944514, 49.20219408768006, 38.39872038374251, 51.145084097828025, 89.0483887321296, 80.78923341307413, 45.18895497520829, 26.982631903104163, 80.94054178847504, 76.04410967972998, 49.203784063160334, 45.61885379656601, 67.474578251817, 58.194500769546934], [44.898766039728116, 66.87026637352898, 47.00721691355466, 0.0, 32.75230345299176, 59.551815334551016, 45.9698875559208, 31.274182236506913, 38.4212128872003, 76.23174391883587, 33.126655320555756, 67.41496823423948, 47.93732112277148, 80.93204241018931, 19.003121097402502, 77.48922377716188, 46.587749113741395, 35.064853375878, 94.19586583665678, 66.90296495823083, 24.10079393022691, 4.287411989526332, 47.59898672311637, 58.47801284559275, 46.982790636108476, 66.407090797703, 65.34157609919, 37.07198853848662, 61.92183764112171, 81.33697837451903, 56.89573700252145, 15.640029331760346], [25.033644458551404, 34.556255935760156, 16.68663361248463, 32.75230345299176, 0.0, 63.010268188560694, 34.01144436145042, 21.691428445138012, 7.718111746235786, 65.26197560429243, 2.4898853488731567, 45.556482882710156, 67.00500711920361, 61.32330569164327, 24.542127535933794, 68.53156873489314, 32.341746458960664, 60.63035757452944, 84.33676138119995, 44.068990500823546, 32.27001354743509, 37.033969259230375, 72.46254026242705, 65.36160094584154, 33.10008577877498, 34.08440129306438, 66.71542319387908, 59.39336487153487, 41.79496603530031, 50.521574808276924, 53.80369105108306, 42.15420292794082], [87.76412852171327, 87.30130618453325, 77.8498219786736, 59.551815334551016, 63.010268188560694, 0.0, 32.51085608997101, 41.342729944001775, 60.04447587878528, 30.782380127575053, 60.81799371842917, 47.872539489303215, 30.371445547729444, 49.164537736004505, 72.9170765784974, 28.167465530458053, 35.42779526468268, 43.48610358814379, 41.648899911126385, 49.679526868883116, 80.93906355394128, 60.640905409483594, 44.444221070792665, 6.551713362218771, 34.732671160970895, 75.82168299836336, 6.372083384235785, 36.72037256592176, 43.19782713983911, 77.89613048019275, 13.185312748344456, 47.837845218213126], [58.89972712945471, 54.79048721847345, 46.726164586486014, 45.9698875559208, 34.01144436145042, 32.51085608997101, 0.0, 15.644157883207416, 29.16641367661718, 32.1961770105093, 31.558312155528373, 23.938749253858173, 49.26387054419786, 35.273820988503, 51.463825067423606, 34.887533625057465, 3.0401692840997963, 52.27960228477887, 51.20779197309242, 24.418651257696503, 60.20055406128396, 49.120919158988926, 60.28230125702809, 36.86109204430913, 2.5257580611274317, 43.76620495764827, 34.61790167342306, 47.47903638334168, 17.935576688698536, 49.005302110050614, 20.8923883996012, 42.931228231348555], [46.45715080698475, 50.56618938866848, 37.23185595090586, 31.274182236506913, 21.691428445138012, 41.342729944001775, 15.644157883207416, 0.0, 19.887146572490163, 47.69351206639078, 19.573242658335896, 36.21302215069624, 48.139921934017494, 49.764953332539804, 35.910975810667814, 50.05024211469622, 15.59481224905367, 45.83630471458942, 66.58447815784919, 35.84318702818685, 44.63423398321282, 34.81951536530268, 56.17861845888168, 43.723445801009674, 16.097674199231342, 43.590017187057605, 45.24692455033446, 42.74135399704268, 30.652378572257042, 54.3096557250291, 32.83084652127078, 31.700161916613403], [30.223164791357338, 31.44564164343961, 17.81159675987985, 38.4212128872003, 7.718111746235786, 60.04447587878528, 29.16641367661718, 19.887146572490163, 0.0, 59.22906117600982, 5.900688012889096, 38.151839255764656, 67.57015927599542, 54.01510956647173, 32.132665834536745, 62.80192372186637, 27.04515292716753, 63.10125852205277, 78.19996255245796, 36.57031062465597, 39.97559931803572, 42.69205425616368, 74.40091279325351, 63.08521003604197, 27.829275571913435, 28.032645368825175, 63.15410091695307, 61.062325244071694, 34.70604905515539, 43.44896648645501, 49.758796844808074, 45.781910329998794], [89.44777237950416, 77.3017638643207, 75.40074668200879, 76.23174391883587, 65.26197560429243, 30.782380127575053, 32.1961770105093, 47.69351206639078, 59.22906117600982, 0.0, 62.77209169164159, 28.2985363137843, 60.571896126551984, 21.102531233449998, 83.60153099173696, 5.172960439301668, 33.16724594611727, 71.25166552365808, 19.096868930989615, 30.74478679467746, 92.32760832475408, 78.76134608694677, 74.43683824648139, 37.27471956708269, 32.45939800030731, 62.77020788327397, 26.481726362991598, 64.81943572645261, 27.285114520757144, 57.76706788340677, 22.143577981607265, 69.3207866476233], [27.41697998934064, 34.92966156910836, 18.120602001791934, 33.126655320555756, 2.4898853488731567, 60.81799371842917, 31.558312155528373, 19.573242658335896, 5.900688012889096, 62.77209169164159, 0.0, 43.24791645239546, 65.59229978943208, 58.97173437960678, 26.263871325625963, 66.04648930714347, 29.862542250561148, 59.77862151842666, 81.84704047678711, 41.80496906709641, 34.2149269750051, 37.41333173548656, 71.45582236334795, 63.29335453423458, 30.622447852525454, 33.33590688802117, 64.43393591445391, 58.28607787435387, 39.39828134535332, 49.25285170874632, 51.447976223930716, 41.67057550650259], [66.88636149070874, 49.642004839208134, 51.249723619763586, 67.41496823423948, 45.556482882710156, 47.872539489303215, 23.938749253858173, 36.21302215069624, 38.151839255764656, 28.2985363137843, 43.24791645239546, 0.0, 71.30050220118821, 15.948947727019975, 68.34985353813565, 33.2922207120594, 22.00921836026687, 76.02466759779074, 44.75179379557428, 2.4587791704208164, 76.83464070549266, 71.02908686819744, 83.31222041999821, 53.85249264419668, 21.9288139844236, 34.69102579028808, 46.871742064430904, 70.92162427359142, 6.005427233829297, 30.641083603334074, 34.75116296113006, 66.50441867285274], [88.30798094105353, 98.68920392817995, 83.66364531169958, 47.93732112277148, 67.00500711920361, 30.371445547729444, 49.26387054419786, 48.139921934017494, 67.57015927599542, 60.571896126551984, 65.59229978943208, 71.30050220118821, 0.0, 76.7847010624147, 66.02722877964241, 58.42584796463366, 52.134559670591045, 17.13606576952497, 71.77838589525376, 72.46001399952772, 72.02891273812018, 46.8107894773995, 14.089832422597926, 24.549906145882304, 51.769267850593344, 90.96440239006152, 36.15702712113799, 11.605360886056177, 65.5988405822551, 98.25598396019285, 39.47135409092142, 32.415176097965606], [82.81035294263623, 63.70390902614048, 67.06127445206145, 80.93204241018931, 61.32330569164327, 49.164537736004505, 35.273820988503, 49.764953332539804, 54.01510956647173, 21.102531233449998, 58.97173437960678, 15.948947727019975, 76.7847010624147, 0.0, 83.55994324094732, 26.084191871996644, 34.352719400292216, 84.47857851176197, 32.31739093076659, 17.86579135290316, 92.15195396521605, 84.25762530125326, 89.94415370063345, 55.67544373439236, 33.98984720771783, 48.28281387883591, 46.137469886921316, 78.6651495115783, 19.777807086100513, 38.99904242303631, 37.4637799871792, 77.92440822671426], [26.98373415636607, 54.08676276468489, 33.38308704978931, 19.003121097402502, 24.542127535933794, 72.9170765784974, 51.463825067423606, 35.910975810667814, 32.132665834536745, 83.60153099173696, 26.263871325625963, 68.34985353813565, 66.02722877964241, 83.55994324094732, 0.0, 85.89876396593743, 50.93548039864218, 54.017646251851914, 102.48302440928728, 67.18781073221813, 8.74007012262231, 21.943355692997017, 66.56769068670397, 73.12061453229941, 51.5544760136371, 57.560806787559294, 78.05598495109824, 55.61678556252241, 63.78474145140028, 74.82091916881872, 67.36845548026056, 34.33954273555563], [93.00856253783128, 81.97598093083681, 79.33800392626905, 77.48922377716188, 68.53156873489314, 28.167465530458053, 34.887533625057465, 50.05024211469622, 62.80192372186637, 5.172960439301668, 66.04648930714347, 33.2922207120594, 58.42584796463366, 26.084191871996644, 85.89876396593743, 0.0, 36.21386094958499, 70.08677530158816, 16.733932023427567, 35.72552927095251, 94.58716724018916, 79.7899225516997, 72.43481291182322, 34.48085453256436, 35.46939354066891, 67.6025000367445, 23.18429378528579, 63.511514396930465, 31.920550588519788, 62.92525274841147, 21.611254821696907, 69.61383509950277], [57.03845229542703, 51.89435208080849, 44.402643747368714, 46.587749113741395, 32.341746458960664, 35.42779526468268, 3.0401692840997963, 15.59481224905367, 27.04515292716753, 33.16724594611727, 29.862542250561148, 22.00921836026687, 52.134559670591045, 34.352719400292216, 50.93548039864218, 36.21386094958499, 0.0, 54.67801883147936, 52.258254683517855, 22.253124436020162, 59.672504548773986, 49.91229813642166, 62.95760573649, 39.86672422093879, 0.7867273956969626, 40.73584341986739, 37.34340317915013, 50.04475718693907, 16.069250425112028, 46.12206974145685, 23.554157048527067, 44.51873066463652], [78.75539972589152, 94.48061270242809, 77.09226083423756, 35.064853375878, 60.63035757452944, 43.48610358814379, 52.27960228477887, 45.83630471458942, 63.10125852205277, 71.25166552365808, 59.77862151842666, 76.02466759779074, 17.13606576952497, 84.47857851176197, 54.017646251851914, 70.08677530158816, 54.67801883147936, 0.0, 84.93066240366998, 76.67410905909883, 58.74486337682865, 32.88808515506041, 12.558614558436368, 38.846228461435125, 54.54979758033085, 89.30413087499221, 49.778196085117926, 6.7848418115932985, 70.0409972343106, 99.58892715304377, 49.136965810190496, 19.85549757579909], [108.3921955442752, 94.39325630882362, 94.04557906944514, 94.19586583665678, 84.33676138119995, 41.648899911126385, 51.20779197309242, 66.58447815784919, 78.19996255245796, 19.096868930989615, 81.84704047678711, 44.75179379557428, 71.77838589525376, 32.31739093076659, 102.48302440928728, 16.733932023427567, 52.258254683517855, 84.93066240366998, 0.0, 47.17775447626498, 111.19022295634716, 96.44173282764321, 85.86036838436544, 47.232179869162145, 51.545882321900066, 79.33421974375645, 35.63004957707908, 78.21467319177383, 45.140816063600745, 71.31463178776247, 37.84661891955942, 85.93661057139266], [64.96368456164532, 47.216749475261594, 49.20219408768006, 66.90296495823083, 44.068990500823546, 49.679526868883116, 24.418651257696503, 35.84318702818685, 36.57031062465597, 30.74478679467746, 41.80496906709641, 2.4587791704208164, 72.46001399952772, 17.86579135290316, 67.18781073221813, 35.72552927095251, 22.253124436020162, 76.67410905909883, 47.17775447626498, 0.0, 75.60612094476764, 70.59556224370125, 84.25595404165158, 55.56729362370001, 22.259504792660813, 32.2374205815081, 48.880574190625524, 71.71605349901391, 6.863499240210996, 28.514312296386866, 36.51636816249596, 66.56477694036057], [28.33549029341661, 58.85091375481714, 38.39872038374251, 24.10079393022691, 32.27001354743509, 80.93906355394128, 60.20055406128396, 44.63423398321282, 39.97559931803572, 92.32760832475408, 34.2149269750051, 76.83464070549266, 72.02891273812018, 92.15195396521605, 8.74007012262231, 94.58716724018916, 59.672504548773986, 58.74486337682865, 111.19022295634716, 75.60612094476764, 0.0, 25.86050517849318, 71.15133593619748, 80.81794070712658, 60.293182841415465, 64.0194067560646, 86.22937110205287, 61.14389806699096, 72.37435591077976, 81.80624086634198, 75.84706466139123, 39.719513013273776], [48.419807551228175, 71.09795279099566, 51.145084097828025, 4.287411989526332, 37.033969259230375, 60.640905409483594, 49.120919158988926, 34.81951536530268, 42.69205425616368, 78.76134608694677, 37.41333173548656, 71.02908686819744, 46.8107894773995, 84.25762530125326, 21.943355692997017, 79.7899225516997, 49.91229813642166, 32.88808515506041, 96.44173282764321, 70.59556224370125, 25.86050517849318, 0.0, 45.297010884941166, 59.11344304026351, 50.26834521202824, 70.68709144587136, 66.5924886010939, 35.59706174557937, 65.45282233614076, 85.53127778813769, 58.86675674426688, 14.474437392488111], [91.23024828943174, 105.8465514313813, 89.0483887321296, 47.59898672311637, 72.46254026242705, 44.444221070792665, 60.28230125702809, 56.17861845888168, 74.40091279325351, 74.43683824648139, 71.45582236334795, 83.31222041999821, 14.089832422597926, 89.94415370063345, 66.56769068670397, 72.43481291182322, 62.95760573649, 12.558614558436368, 85.86036838436544, 84.25595404165158, 71.15133593619748, 45.297010884941166, 0.0, 38.628281341343595, 62.7056473708561, 99.75280735674916, 50.24461017133163, 13.438688565298095, 77.44928204967921, 108.7788867676857, 52.977377730081656, 32.39762338103835], [89.72659510466124, 91.42466396892219, 80.78923341307413, 58.47801284559275, 65.36160094584154, 6.551713362218771, 36.86109204430913, 43.723445801009674, 63.08521003604197, 37.27471956708269, 63.29335453423458, 53.85249264419668, 24.549906145882304, 55.67544373439236, 73.12061453229941, 34.48085453256436, 39.86672422093879, 38.846228461435125, 47.232179869162145, 55.56729362370001, 80.81794070712658, 59.11344304026351, 38.628281341343595, 0.0, 39.22468546844715, 80.56416335619896, 11.640415544686206, 32.069208142550245, 48.96009937952764, 83.55730927473962, 19.122770402096233, 45.600745240152015], [57.813008767723126, 52.60798506760344, 45.18895497520829, 46.982790636108476, 33.10008577877498, 34.732671160970895, 2.5257580611274317, 16.097674199231342, 27.829275571913435, 32.45939800030731, 30.622447852525454, 21.9288139844236, 51.769267850593344, 33.98984720771783, 51.5544760136371, 35.46939354066891, 0.7867273956969626, 54.54979758033085, 51.545882321900066, 22.259504792660813, 60.293182841415465, 50.26834521202824, 62.7056473708561, 39.22468546844715, 0.0, 41.35431977463969, 36.59616581865189, 49.8440311024401, 15.957188797677475, 46.492190043214215, 22.79986361749085, 44.66374293795532], [42.94446962163733, 15.50088131214117, 26.982631903104163, 66.407090797703, 34.08440129306438, 75.82168299836336, 43.76620495764827, 43.590017187057605, 28.032645368825175, 62.77020788327397, 33.33590688802117, 34.69102579028808, 90.96440239006152, 48.28281387883591, 57.560806787559294, 67.6025000367445, 40.73584341986739, 89.30413087499221, 79.33421974375645, 32.2374205815081, 64.0194067560646, 70.68709144587136, 99.75280735674916, 80.56416335619896, 41.35431977463969, 0.0, 76.83870892406934, 86.32037664337308, 35.83612200359524, 18.706596886113914, 63.165997631206196, 73.2521128530888], [91.66373884781297, 89.07411720855022, 80.94054178847504, 65.34157609919, 66.71542319387908, 6.372083384235785, 34.61790167342306, 45.24692455033446, 63.15410091695307, 26.481726362991598, 64.43393591445391, 46.871742064430904, 36.15702712113799, 46.137469886921316, 78.05598495109824, 23.18429378528579, 37.34340317915013, 49.778196085117926, 35.63004957707908, 48.880574190625524, 86.22937110205287, 66.5924886010939, 50.24461017133163, 11.640415544686206, 36.59616581865189, 76.83870892406934, 0.0, 43.00215486460191, 42.77076001851267, 77.36960276417808, 13.820886087799051, 54.02319810844977], [79.12733396683333, 92.50157776015607, 76.04410967972998, 37.07198853848662, 59.39336487153487, 36.72037256592176, 47.47903638334168, 42.74135399704268, 61.062325244071694, 64.81943572645261, 58.28607787435387, 70.92162427359142, 11.605360886056177, 78.6651495115783, 55.61678556252241, 63.511514396930465, 50.04475718693907, 6.7848418115932985, 78.21467319177383, 71.71605349901391, 61.14389806699096, 35.59706174557937, 13.438688565298095, 32.069208142550245, 49.8440311024401, 86.32037664337308, 43.00215486460191, 0.0, 64.98277943196912, 95.60385953306015, 42.76824216782091, 21.43219144162158], [64.2709680190967, 50.056528345692115, 49.203784063160334, 61.92183764112171, 41.79496603530031, 43.19782713983911, 17.935576688698536, 30.652378572257042, 34.70604905515539, 27.285114520757144, 39.39828134535332, 6.005427233829297, 65.5988405822551, 19.777807086100513, 63.78474145140028, 31.920550588519788, 16.069250425112028, 70.0409972343106, 45.140816063600745, 6.863499240210996, 72.37435591077976, 65.45282233614076, 77.44928204967921, 48.96009937952764, 15.957188797677475, 35.83612200359524, 42.77076001851267, 64.98277943196912, 0.0, 34.712886525107066, 30.012523249875766, 60.58744771720805], [61.650843579365585, 31.810414009263358, 45.61885379656601, 81.33697837451903, 50.521574808276924, 77.89613048019275, 49.005302110050614, 54.3096557250291, 43.44896648645501, 57.76706788340677, 49.25285170874632, 30.641083603334074, 98.25598396019285, 38.99904242303631, 74.82091916881872, 62.92525274841147, 46.12206974145685, 99.58892715304377, 71.31463178776247, 28.514312296386866, 81.80624086634198, 85.53127778813769, 108.7788867676857, 83.55730927473962, 46.492190043214215, 18.706596886113914, 77.36960276417808, 95.60385953306015, 34.712886525107066, 0.0, 64.71294641535013, 85.76625207284525], [78.835531474231, 75.25578967300768, 67.474578251817, 56.89573700252145, 53.80369105108306, 13.185312748344456, 20.8923883996012, 32.83084652127078, 49.758796844808074, 22.143577981607265, 51.447976223930716, 34.75116296113006, 39.47135409092142, 37.4637799871792, 67.36845548026056, 21.611254821696907, 23.554157048527067, 49.136965810190496, 37.84661891955942, 36.51636816249596, 75.84706466139123, 58.86675674426688, 52.977377730081656, 19.122770402096233, 22.79986361749085, 63.165997631206196, 13.820886087799051, 42.76824216782091, 30.012523249875766, 64.71294641535013, 0.0, 48.09854004629806], [58.94598890097112, 76.596578169474, 58.194500769546934, 15.640029331760346, 42.15420292794082, 47.837845218213126, 42.931228231348555, 31.700161916613403, 45.781910329998794, 69.3207866476233, 41.67057550650259, 66.50441867285274, 32.415176097965606, 77.92440822671426, 34.33954273555563, 69.61383509950277, 44.51873066463652, 19.85549757579909, 85.93661057139266, 66.56477694036057, 39.719513013273776, 14.474437392488111, 32.39762338103835, 45.600745240152015, 44.66374293795532, 73.2521128530888, 54.02319810844977, 21.43219144162158, 60.58744771720805, 85.76625207284525, 48.09854004629806, 0.0]]
