50 1330.0150647965495 0 1680 1 1681
[48.248146271414, 75.3586591778764, 53.17018599927447, 25.902379181351918, 45.056148712566014, 86.36896478675482, 15.005731752271185, 73.91712966620838, 21.47949506184328, 20.709210826582883, 91.85413846351379, 52.17225620126926, 50.75893164212705, 44.83347044708298, 9.369409639757787, 42.55879360276283, 48.23280684337626, 22.50996074660504, 88.28878476177316, 80.64293796376302, 75.65439028800273, 79.28613118949013, 45.64164179170936, 12.913161568402806, 20.644291146115947, 56.35630468948803, 22.0007635814647, 52.26974334258871, 17.871297634011654, 87.54691157851082, 16.62515727001206, 56.231595749913986, 14.550482631482616, 52.651523077144034, 25.302852994650728, 25.997123925076707, 11.283377473014935, 87.2660258617063, 23.00345024053361, 89.68083384596122, 82.3355242668247, 42.87975092502958, 80.32224686985663, 41.040274036928835, 46.481184943614565, 13.253232536018338, 43.14337269828755, 87.36052113487878, 78.68448681264773, 17.834033733187514]
[50.61981160689706, 21.951584242757242, 88.7844241686798, 42.296547135084275, 51.26110880161399, 43.541554131088134, 86.5075957984277, 52.604249041540996, 6.7685413636945855, 78.41076776455202, 14.40314071558635, 12.971124009653728, 18.845067491063222, 48.61074579329096, 19.038161341316634, 6.726224252036498, 43.54438150161407, 24.14226470546145, 76.3211940320823, 84.87377469670997, 49.75734550402837, 15.671774365222229, 10.53377912919419, 52.2575275988218, 92.79762726576887, 42.54751501378643, 57.00808400397034, 9.888173107592348, 13.449472575320579, 23.58834246801829, 88.07362715464691, 42.35601857355749, 11.06923938895364, 9.488984869034805, 7.623689815275788, 91.3315333058306, 21.98615189636106, 75.8284380340925, 21.00428482719206, 11.849128539559134, 83.11461278669839, 25.16844052418262, 86.37095904257511, 10.479679650546515, 88.19926113286402, 55.5237795297359, 52.48633234027907, 75.79911132006553, 86.28876612800386, 12.245373325261838]
[5, 3, 8, 4, 5, 6, 7, 6, 1, 7, 3, 2, 2, 5, 1, 2, 5, 1, 9, 9, 6, 3, 2, 4, 7, 5, 4, 2, 1, 3, 7, 5, 1, 2, 1, 7, 1, 9, 1, 3, 9, 2, 9, 2, 8, 4, 5, 9, 9, 1]
[1, 2, 3, 4, 5, 6, 7, 8, 9, 10, 11, 12, 13, 14, 15, 16, 17, 18, 19, 20, 21, 22, 23, 24, 25, 26, 27, 28, 29, 30, 31, 32, 33, 34, 35, 36, 37, 38, 39, 40, 41, 42, 43, 44, 45, 46, 47, 48, 49, 50]
[1, 1, 2, 3, 1, 1, 1, 1, 2, 1, 1, 2, 2, 1, 2, 2, 1, 2, 2, 2, 1, 1, 2, 3, 1, 1, 3, 2, 2, 1, 1, 1, 2, 2, 2, 1, 2, 2, 2, 1, 2, 2, 2, 2, 2, 3, 1, 2, 2, 2]
[3, 1, 3, 1, 3, 2, 2, 2, 2, 2, 1, 1, 1, 3, 2, 1, 3, 2, 2, 2, 2, 1, 1, 1, 2, 3, 1, 1, 2, 1, 2, 3, 2, 1, 2, 2, 2, 2, 2, 1, 2, 1, 2, 1, 3, 1, 3, 2, 2, 2]
[8, 3, 5, 3, 8, 1, 8, 2, 1, 3, 1, 2, 6, 1, 5, 8, 10, 4, 1, 6, 4, 1, 6, 5, 2, 1, 7, 5, 8, 8, 1, 8, 4, 8, 10, 1, 2, 2, 3, 5, 8, 2, 1, 6, 2, 4, 4, 9, 7, 10]
[3615.337128881842, 2447.6093741649192, 4311.220236093919, 2919.969879085019, 3742.8358490862693, 2752.937041502194, 3470.9144744342702, 3618.5644587193583, 2295.4548980091186, 2427.448910281205, 2362.4846193460644, 3401.7952315982957, 2050.226212040944, 1683.975498702751, 3388.1833963248746, 3670.1368614794815, 1502.9871518104242, 3626.5725668152672, 2298.9658448664995, 1920.1741239324556, 3512.269346463697, 1647.9577155482857, 1940.3571086873808, 2972.941298223311, 4488.665095781193, 2179.6622894864813, 3915.670085079916, 3581.8487713714753, 3778.7109276448446, 3542.569065847291, 2052.513499572857, 3630.5522917388207, 3623.9316427573895, 3725.801179062414, 2533.549840930883, 1989.8591175694373, 4325.108535598471, 4158.4250289949305, 2669.0013582023275, 2692.136488794632, 3307.194054478295, 4423.91696955364, 1967.1053086003694, 1942.947117087815, 3327.796313456222, 3590.6778453820957, 3490.1249529470006, 2067.935604477646, 1642.672115390292, 1255.8601747198998]
[0.7716527733067432, 0.839190019270614, 0.35234968269445144, 0.6580726755583162, 0.7750759863933004, 0.08876577979928649, 0.7728101031901166, 0.8126332155544094, 0.1620381578439597, 0.8296008870301175, 0.10270674107419206, 0.8775312128563306, 0.7965075120841859, 0.16191892239192046, 0.34904907054077816, 0.7728824883937896, 0.45362147518971213, 0.5708780271111247, 0.08245972145931882, 0.7710412405874352, 0.5730230547080628, 0.1539768227677349, 0.7031773476424351, 0.34232227100200263, 0.8534177244924382, 0.12572787183742418, 0.8269049411800408, 0.33502540627170607, 0.7751640590759579, 0.7717510352475129, 0.07342154572536252, 0.7724221175981906, 0.5721596090620231, 0.769678150182739, 0.39502087189510054, 0.13228734884726062, 0.8653290660980292, 0.9630539552103936, 0.6716885358963116, 0.3507149225761343, 0.7718699508489212, 0.9353050648351914, 0.15241058167862193, 0.7400036682329273, 0.9416567789244451, 0.573227003145646, 0.5719427749153457, 0.4472524357313216, 0.6312782223548313, 0.4176930586439112]
[0.795028856176349, 0.5043235537217614, 0.512894910117403, 1.0584346867215775, 0.8492544657111307, 0.605872116830875, 1.0904196575070282, 0.7793152982430176, 0.9439090231159766, 0.9127241298537799, 0.623773740335566, 0.5413534148118079, 0.6487240116152395, 0.92831824042043, 0.9003532852998385, 0.6445668491812004, 0.788361857601428, 0.7479800552958543, 0.7440483746733759, 0.6292975449148037, 0.8138441455401841, 0.7656252514200301, 0.661805835700214, 0.7526350570441487, 0.8986149146935416, 1.0596990278722318, 0.7452026721602422, 0.9692767150313459, 0.8140038162263854, 0.5702106852415759, 0.6428283912319374, 0.8734435954424499, 0.6252579156806073, 0.7276709827245191, 0.520070876038506, 0.9025826209896628, 1.0640163076106839, 0.5503749346969666, 0.7489229769309729, 0.915933275290863, 0.9205464909562607, 0.5464272063177901, 0.8403983556197036, 0.7863165038897919, 0.6139076158613492, 0.7881288581973868, 0.9879083194407627, 0.5465941407017397, 0.8509304952555597, 0.5393153447743445]
[0.9176319061423295, 0.8050945085902689, 0.6920425649485502, 0.6056970368919125, 0.6499091240240449, 0.6519476464045768, 0.7771413381391956, 0.5611984965155667, 1.077688447081421, 0.7180800055740579, 0.6624900686934028, 0.6247348374288085, 1.094597132768028, 0.9575414334926369, 1.072462394414964, 0.6773212580992962, 0.8477108963501089, 0.8695277540226771, 0.7741146089317716, 0.7221720685957904, 1.0213624279109388, 0.8128721952901765, 0.5822682943527628, 0.6100228090225074, 0.6987152688824049, 0.9607668641413867, 0.5412172087407181, 0.7770850043727263, 1.063948815649791, 0.6884445595345463, 0.9573160958759385, 0.6222672227112775, 1.0685851065248948, 0.7837731059967208, 0.827694152814764, 0.9521941899334027, 1.0095761518567712, 0.8158656812829053, 0.7145117578674205, 0.8994478633146965, 1.0838133413471942, 0.7085777929462843, 0.8282325883626442, 0.9139867366109635, 0.8553959455382335, 0.9223539630339312, 1.0009719709649416, 0.883749962554106, 0.9696700204942728, 0.5926332658621629]
[1.0891303410847504, 0.559495713665728, 0.8004948227970312, 0.5650592403244232, 0.6434156777526673, 0.9740786790008171, 0.8759268743307627, 0.6131257822895676, 0.87641235805894, 0.992741889467365, 1.0801860973679815, 0.7261983949010201, 0.6462649249017038, 1.0627869802366074, 0.909714109901826, 0.6815732482938937, 0.7294557220507055, 0.8808242511055658, 0.563891430212565, 0.5374961537152421, 1.0403432032403672, 0.7033994606413569, 0.7350615132936268, 0.625508417615762, 1.0132019673126873, 0.9926945907775007, 0.8853099837249623, 0.5387941023058985, 0.9245546003542471, 0.6527523993854114, 0.8410458593779626, 0.9747845044872498, 0.5145992218266391, 0.8523636562216227, 0.5753493407550629, 0.9974684400353553, 0.6668140656482461, 0.8984683630307435, 0.8512718136144177, 0.6326630179797217, 1.0016817106642324, 0.935725283335817, 0.6854741613042312, 0.9620196526663579, 0.7292418445449153, 0.9903474230410436, 0.6283134407462171, 1.0051638467052921, 1.0636270667050236, 0.7905921605431059]
[0.8921911418430996, 0.8910999056507525, 0.7114959509499652, 0.9124613787571612, 0.8316399894520816, 0.7632720944201759, 0.5300041348895816, 1.0645601311395847, 0.553040391126169, 0.608859971069324, 0.7288797841417145, 0.5163654682485503, 0.9108264293473773, 0.9884234954825764, 0.8998166094149169, 0.8474029865680693, 1.0292140025995486, 0.7875847036479782, 0.6452211262419738, 0.7856199995035242, 0.7519399164424037, 0.7273186633836035, 0.5613549313267661, 0.5218410903270833, 1.0326036644310195, 1.0363645599548397, 0.6261359898911226, 0.9393874489065639, 0.9993362481635591, 0.5757895677031732, 0.8259399325027736, 0.5794780123681489, 0.8196838087161857, 0.5101609916595155, 0.999620912128595, 0.7065878730355133, 0.6609494155935728, 0.7686704346009724, 0.7053151152593201, 0.7145668807982392, 1.0295977538814083, 0.5408170010441221, 0.6099338310152067, 0.8392234683426854, 0.852193764238282, 1.023530469886177, 1.0602310454301036, 0.6465850062216106, 0.5633165879573557, 0.7527063103391276]
[0.5432795167265146, 0.5489415544701927, 0.7155066204643572, 0.6259728052655509, 0.8108320812657884, 0.5221715692870379, 1.042074830339205, 0.9291326746378157, 0.5159568865015264, 0.5380441446382708, 1.0919775455167484, 0.7472386537888942, 0.6460690025865339, 0.607439156621538, 0.907665250160792, 0.7467655687025976, 0.587510271625143, 0.5457281011981757, 1.0501253318314339, 0.7871188778142216, 1.0606362712853414, 0.8459257737526803, 1.044962091045531, 0.9026285044483573, 1.033199176861972, 0.7846765400457287, 0.8786956201547507, 0.7744596747704473, 0.8495260990911534, 0.9352162438375486, 0.6458004669043858, 0.6852557130424304, 1.0494931592254115, 0.5477637636114294, 0.8344186918768115, 0.631099002043038, 1.0022299916573392, 0.5374582475758033, 1.0973203580927313, 0.9194079539560895, 0.6795705712862911, 1.0542596526908308, 0.9705117258270939, 0.5113963051892646, 0.6263359587330527, 1.040537823702713, 0.5092912635744798, 0.5470823815284083, 0.5786912779418285, 0.5050904901706179]
[0.38513456074989616, 0.11112336532348988, 0.14464579515896886, 0.2069109391111651, 0.23946850340063047, 0.1533487824188261, 0.4099583138582953, 0.2652327876593681, 0.25439122232862565, 0.21314936653637512, 0.35528318739834175, 0.09476509675122016, 0.2700470229102222, 0.567213460927659, 0.7174302283260374, 0.18829963745436246, 0.29477690534608, 0.24622736626579494, 0.2200653384346631, 0.15105146601127908, 0.6896795843062166, 0.2693379420192531, 0.16615579659880633, 0.13527295987247887, 0.6787152293006835, 0.82190084938925, 0.1964483980248819, 0.29524510375263086, 0.6797795674901871, 0.1379839693213194, 0.2760685322021181, 0.2103827045937457, 0.29577632543774934, 0.1358472604931347, 0.20657768116269762, 0.38227450146095215, 0.4744907356093018, 0.1666729070718955, 0.35255868380345545, 0.34242338810599127, 0.699249418354448, 0.20656947117198116, 0.28243083324686524, 0.2967265689024009, 0.20440310430790118, 0.7667275548271423, 0.33549160154041757, 0.17175508284556174, 0.2860927906004071, 0.09606740403116543]
[283.1580295767165, 410.9857405833206, 371.96314195376215, 251.20885497068068, 212.98967754689494, 674.877931879753, 212.73174194796022, 362.5974531579336, 635.4552919775392, 325.5252518841124, 744.7180591370899, 194.1457006758391, 617.8543477931169, 772.453087314806, 228.8621197756257, 214.54229172360243, 81.40237983259648, 772.1319058548914, 622.5286512251955, 705.8577211696586, 819.8175036048326, 688.7354879211051, 998.7312273490825, 433.9760076272424, 258.56954462960147, 704.6368582267345, 659.5090330974061, 530.0115694201733, 281.721601637885, 164.41344228485937, 735.0469726966148, 259.2861576326355, 478.1037661212438, 256.2249711131899, 93.38292120329032, 624.6348532037572, 355.7130925447591, 266.6170762095519, 627.531621025645, 602.1631353360727, 153.65010902263762, 272.3130188727055, 706.6522789640516, 639.1324829043702, 281.4937106679536, 281.94728839917076, 578.949642328132, 793.3523218404799, 744.9399254486298, 72.02405219880721]
[102.85966940329672, 41.25070641714883, 49.33031971361442, 55.29146637564128, 52.15270374555122, 92.66857204044348, 93.04477179438092, 101.04024039303954, 183.2241054074113, 70.37885079310217, 276.18376069219795, 16.00248428492483, 174.93960639339466, 448.933731919809, 166.7549275766753, 37.56739931175785, 23.071483258506035, 187.09705104170274, 139.62741297032957, 102.11309637616309, 554.6152075458248, 197.57519414683327, 155.11794477513695, 64.27093442272786, 176.35578849104803, 582.3616255063429, 132.2296356774804, 148.64300358139354, 197.09449302449542, 24.214898489333546, 221.6017781186506, 49.8820842275286, 135.52326510416287, 36.345753331412325, 18.653340737560264, 235.8394268531119, 166.65090664543203, 49.523522476464834, 206.3045581471819, 185.65786975236168, 109.6645610118223, 57.08914800043442, 199.52847420696227, 200.33224791310803, 56.88468727477601, 213.50972741539806, 215.65828488213364, 133.111262841393, 207.79498519331264, 7.465074423939309]
[915.7901478835826, 1554.928702916603, 1359.8157097688108, 756.0442748534032, 564.9483877344746, 2874.389659398765, 563.658709739801, 1312.987265789668, 2677.2764598876965, 1127.6262594205618, 3223.5902956854493, 470.72850337919533, 2589.271738965584, 3362.265436574029, 644.3105988781284, 572.711458618012, -92.98810083701763, 3360.6595292744573, 2612.643256125977, 3029.2886058482927, 3599.087518024163, 2943.6774396055257, 4493.656136745413, 1669.8800381362116, 792.8477231480074, 3023.184291133673, 2797.5451654870303, 2150.057847100866, 908.6080081894247, 322.0672114242969, 3175.234863483074, 796.4307881631775, 1890.518830606219, 781.1248555659495, -33.08539398354837, 2623.174266018786, 1278.5654627237957, 833.0853810477593, 2637.658105128225, 2510.8156766803636, 268.2505451131882, 861.5650943635276, 3033.2613948202575, 2695.6624145218516, 907.4685533397679, 909.7364419958537, 2394.7482116406595, 3466.7616092024, 3224.699627243149, -139.8797390059639]
[14.298347016483534, -293.74646791425585, -253.3484014319279, -223.5426681217936, -239.2364812722439, -36.65713979778263, -34.77614102809538, 5.201201965197637, 416.1205270370565, -148.10574603448907, 880.9188034609898, -419.98757857537584, 374.69803196697325, 1744.6686595990452, 333.77463788337644, -312.1630034412108, -384.6425837074698, 435.48525520851376, 198.13706485164784, 10.565481880815412, 2273.0760377291244, 487.87597073416634, 275.5897238756848, -178.6453278863607, 381.77894245524027, 2411.8081275317136, 161.148178387402, 243.21501790696766, 485.4724651224773, -378.92550755333224, 608.0088905932531, -250.589578862357, 177.61632552081448, -318.27123334293833, -406.7332963121987, 679.1971342655594, 333.2545332271601, -252.38238761767587, 531.5227907359096, 428.28934876180847, 48.32280505911146, -214.5542599978279, 497.64237103481145, 501.6612395655401, -215.57656362611993, 567.5486370769902, 578.2914244106682, 165.55631420696503, 538.9749259665632, -462.67462788030343]
[72.30674257763684, 48.95218748329838, 129.33660708281758, 116.79879516340075, 74.85671698172538, 55.05874083004388, 69.4182894886854, 72.37128917438717, 68.86364694027355, 48.548978205624095, 47.24969238692129, 102.05385694794887, 61.506786361228315, 33.67950997405502, 101.64550188974623, 110.10410584438443, 30.059743036208484, 108.79717700445802, 68.96897534599499, 57.605223717973665, 70.24538692927393, 32.959154310965715, 58.21071326062142, 118.91765192893244, 89.77330191562386, 43.59324578972962, 156.62680340319665, 107.45546314114428, 113.36132782934533, 70.85138131694582, 41.05026999145714, 72.61104583477642, 108.7179492827217, 111.77403537187243, 76.0064952279265, 39.79718235138874, 129.7532560679541, 124.75275086984793, 80.07004074606982, 53.842729775892636, 99.21582163434886, 132.71750908660923, 59.013159258011086, 58.28841351263445, 99.83388940368665, 143.62711381528385, 69.80249905894001, 62.03806813432938, 49.28016346170876, 37.67580524159699]
[73, 49, 173, 176, 75, 56, 70, 73, 92, 49, 48, 137, 83, 34, 136, 147, 31, 146, 92, 77, 71, 33, 78, 179, 90, 44, 235, 144, 152, 71, 42, 73, 145, 150, 102, 40, 174, 167, 107, 54, 133, 177, 79, 78, 134, 216, 70, 83, 66, 51]
[16, 1098, 335, 1635, 1411, 805, 939, 428, 826, 1595, 570, 164, 1404, 662, 957, 988, 1375, 866, 429, 1445, 804, 157, 667, 160, 257, 996, 608, 483, 1073, 1489, 1211, 42, 565, 954, 1016, 1070, 1033, 1509, 1441, 244, 1503, 1144, 681, 1628, 151, 180, 1176, 261, 520, 206]
[352, 1680, 1343, 1680, 1680, 1680, 1680, 764, 1680, 1680, 1242, 1508, 1680, 1680, 1680, 1680, 1680, 1202, 1680, 1680, 1680, 1501, 1675, 1504, 929, 1668, 1680, 819, 1680, 1680, 1547, 1680, 1680, 1680, 1352, 1680, 1680, 1680, 1680, 916, 1680, 1680, 1353, 1680, 1495, 1188, 1512, 597, 1680, 542]
2
[0.0, 0.0]
[66.66666666666667, 66.66666666666667]
[[0.0, 0.0, 50.84668303770674, 87.62628663400241, 57.58701134904729, 35.564532518200586, 47.617095143890815, 89.41123479808823, 24.87638346369269, 75.24289765522397, 63.63296412176864, 23.807463612430652, 105.68187591878566, 74.8675872348106, 69.73789851409492, 48.332766845226935, 48.54132627488131, 73.51263530702843, 53.48872523480491, 48.114686894667145, 88.81508550556188, 82.67274173659054, 77.52104173726441, 94.26966447289901, 72.3468073154389, 19.348721672714415, 33.30185968917401, 61.300624423484024, 24.027522078226077, 77.17462925040807, 56.13780389434051, 97.57153141515944, 27.104497995472673, 61.261733335653645, 57.46990921090502, 77.72689481829487, 64.2363408449048, 35.8358214459155, 46.08321828321063, 87.74563991609485, 51.12936375726464, 105.1076326706286, 83.96233374472357, 59.67223652893632, 82.7038238551125, 69.5793187878113, 51.22648902870676, 17.315083205117794, 45.41401203804251, 87.8365652692829, 81.0942368620628, 57.26892637502212], [0.0, 0.0, 50.84668303770674, 87.62628663400241, 57.58701134904729, 35.564532518200586, 47.617095143890815, 89.41123479808823, 24.87638346369269, 75.24289765522397, 63.63296412176864, 23.807463612430652, 105.68187591878566, 74.8675872348106, 69.73789851409492, 48.332766845226935, 48.54132627488131, 73.51263530702843, 53.48872523480491, 48.114686894667145, 88.81508550556188, 82.67274173659054, 77.52104173726441, 94.26966447289901, 72.3468073154389, 19.348721672714415, 33.30185968917401, 61.300624423484024, 24.027522078226077, 77.17462925040807, 56.13780389434051, 97.57153141515944, 27.104497995472673, 61.261733335653645, 57.46990921090502, 77.72689481829487, 64.2363408449048, 35.8358214459155, 46.08321828321063, 87.74563991609485, 51.12936375726464, 105.1076326706286, 83.96233374472357, 59.67223652893632, 82.7038238551125, 69.5793187878113, 51.22648902870676, 17.315083205117794, 45.41401203804251, 87.8365652692829, 81.0942368620628, 57.26892637502212], [50.84668303770674, 50.84668303770674, 0.0, 39.45690269462974, 38.48069811052838, 23.845545460547605, 3.2557810902521256, 38.772393957213886, 48.918209055937375, 25.745576327871277, 51.37601181020211, 39.12454740429946, 56.684475877500894, 37.85263949233148, 31.873788711173066, 3.9618627473287704, 50.08948787491366, 44.26076981557216, 7.075446733090243, 36.925799707348354, 47.579552218166704, 47.146118781390165, 27.41981143033998, 46.741007849855066, 40.17068415407149, 35.37291700768034, 50.40774693965418, 11.4413375625287, 27.01360994557852, 40.929691152523034, 48.00403146468004, 47.69793788486491, 49.01838157740071, 11.490245466204508, 51.95941009631183, 41.36586316557755, 48.73554116532007, 46.395606248314266, 46.75767959103477, 46.45287691917956, 38.914959901443716, 56.743576421988095, 47.09417630999429, 26.01138132789404, 48.030120467958504, 40.78214824677455, 37.62096727901394, 35.33684887954805, 5.435311663652335, 46.51639497538215, 46.889712540926645, 48.9654547096107], [87.62628663400241, 87.62628663400241, 39.45690269462974, 0.0, 70.41986108024871, 53.47748260889617, 42.15792179847665, 24.235379703646775, 88.37394682153915, 30.686542108872523, 55.97757691174107, 78.57608802331916, 18.140557779345713, 24.86479336314642, 24.7951011524789, 40.52774409744531, 66.05353198434378, 36.161343567303476, 34.67074787677938, 52.894082908857946, 55.885978708964316, 63.14369053049141, 27.807333856526103, 7.406824454514601, 31.835002684797452, 69.41102487642554, 89.5143780692987, 28.022880658979386, 63.84374047614618, 26.050411180344526, 58.112671940641164, 12.297661325208553, 88.44065131602596, 27.967579368569552, 61.77426458011865, 25.90232447189036, 52.066037792189526, 85.14774509350228, 64.07529102922615, 55.176994805771166, 52.363778311496475, 17.52667391315906, 61.55966786083519, 32.637825381483175, 64.61031691901368, 36.18502664991691, 72.26799576220753, 70.59869910100501, 44.38688459828076, 55.168839599690614, 64.4230867189047, 58.337749895986356], [57.58701134904729, 57.58701134904729, 38.48069811052838, 70.41986108024871, 0.0, 53.89486060609344, 38.390582142321996, 56.116630353385126, 38.23230983604303, 41.70660311928272, 87.92556468043213, 34.078257824498614, 83.83927186220645, 75.81986774509919, 69.980909968746, 41.029565686311344, 82.35926898704248, 82.74146374190236, 45.508671409381165, 71.54479850144648, 37.2645687547725, 27.74968972430011, 45.040562958228634, 77.63698960200205, 78.61197381430412, 54.35846014240012, 32.77254392166115, 46.34655456995688, 44.511444462331156, 78.90138926832735, 83.1947501432456, 73.70405911935553, 36.55194053970012, 46.52922818795187, 86.78209166390964, 79.29713554063903, 85.81173025626747, 27.29217960231029, 78.84487242099105, 36.47442765341512, 74.19015592037253, 85.15906950950654, 29.711339878367585, 64.44289277394508, 27.259112667779963, 79.23867602543837, 6.714547706368949, 51.95799895671372, 37.657515257327596, 36.573178238448534, 25.63606551425725, 84.30225359374091], [35.564532518200586, 35.564532518200586, 23.845545460547605, 53.47748260889617, 53.89486060609344, 0.0, 21.147819110439723, 60.47940159422558, 45.534094359130634, 49.10870577316608, 35.80224990173803, 36.485694857503375, 71.60779757886367, 39.37114273331571, 34.173382883893716, 19.956335365160058, 28.535794917874842, 39.27701632484395, 22.365265260559614, 18.46852656198979, 71.06152403171643, 69.34947067314259, 50.30831065995304, 59.654869906095584, 37.39668327267339, 16.36890057381705, 50.774073936922946, 30.45495959168627, 15.220115680699582, 41.779667302613696, 29.94414769995291, 64.42084520036354, 46.707685679229336, 30.32927487617754, 33.22665051356343, 42.33028278902122, 34.67804011717411, 49.035077702923516, 25.02453527443637, 69.92771153966328, 21.48869989534038, 70.6734503087033, 69.64778781682517, 24.116450555532374, 70.0291066930425, 35.23448477255114, 50.304536564438195, 18.3019285234446, 20.02707117825827, 69.99660719883963, 68.71147078852766, 31.115450271835588], [47.617095143890815, 47.617095143890815, 3.2557810902521256, 42.15792179847665, 38.390582142321996, 21.147819110439723, 0.0, 42.0278514355777, 46.31784111013955, 28.892217763796168, 50.35322387478227, 36.46748368379373, 59.56980490282342, 38.94562775407949, 32.91384917309166, 2.659701051961602, 48.08182285105028, 44.60485090647268, 8.345000725141189, 35.26701428967118, 49.97067831760483, 48.95131129790559, 30.635170826420236, 49.37906870320534, 40.73153795760345, 32.158427712953724, 48.17905308292935, 14.269556468301088, 23.760860832888742, 41.99709222586658, 46.56968930831215, 50.707464198910024, 46.513253830483215, 14.289550323729468, 50.45772517598177, 42.45703769196391, 47.90007335598391, 44.3721235213986, 44.694777983601895, 48.83878985563123, 37.44057834646166, 59.53710365336279, 49.03465670159472, 26.183277968307692, 49.763432992332575, 40.978679981350794, 36.96563033287047, 32.0873158595247, 2.271537981302091, 48.90576135427472, 48.5572023612193, 47.57384952588121], [89.41123479808823, 89.41123479808823, 38.772393957213886, 24.235379703646775, 56.116630353385126, 60.47940159422558, 42.0278514355777, 0.0, 83.29941035621786, 15.400670014944865, 74.58483591971695, 74.34423548282986, 29.650198424916216, 45.86900997285777, 43.33579251522253, 41.843685236234364, 80.8043795288675, 57.224991160104814, 38.136158048187546, 66.74057856521095, 32.83581125502046, 41.726967779396986, 12.387016149227657, 28.75571518784414, 52.42354479542959, 73.97109719304892, 82.133388252388, 30.02911720115655, 65.76178794118923, 47.909361897345946, 74.81619996850252, 19.987951728865934, 82.74843934907796, 30.160678159167805, 78.8184344160641, 47.921220234755495, 70.84605131138122, 76.99767060470144, 78.11837676085014, 32.29934350320878, 67.25412211443776, 31.86500143637108, 39.77807956385254, 47.211047710500246, 43.254141103929484, 56.10505992564707, 59.87775693420128, 74.09105228072674, 44.14137366020886, 32.27279318236419, 43.432422626924605, 75.34246948135025], [24.87638346369269, 24.87638346369269, 48.918209055937375, 88.37394682153915, 38.23230983604303, 45.534094359130634, 46.31784111013955, 83.29941035621786, 0.0, 67.97050629127271, 80.0014150720704, 9.903953642927988, 105.37898299400143, 82.3951650447957, 76.52783179542519, 48.22722504932049, 67.70445120461736, 84.40520400520538, 54.312763710051314, 62.81518904798985, 73.98762490672937, 65.6575373482917, 70.91431927956977, 95.65397717777023, 81.91812866047937, 34.313933345684376, 8.447357450591106, 60.35195593208456, 30.31751418574352, 85.20060148426309, 73.11429980999134, 96.02632561042348, 2.2527745595536386, 60.406403913788964, 75.43973004673875, 85.72672881878248, 79.5531352558717, 12.00337764846791, 64.6287292509131, 73.04515394834638, 65.98975109221047, 105.59478020312642, 67.4152304288186, 67.37546225890588, 65.31665803383405, 80.36194015677371, 31.520880146407425, 31.033338912772788, 44.14944173254851, 73.1429230098499, 63.679131059273175, 74.31606137807114], [75.24289765522397, 75.24289765522397, 25.745576327871277, 30.686542108872523, 41.70660311928272, 49.10870577316608, 28.892217763796168, 15.400670014944865, 67.97050629127271, 0.0, 69.64637550676916, 59.13593692371241, 42.202617951093195, 45.20646106254528, 40.93878936510804, 29.356554664469765, 72.75362811648779, 55.57102121838665, 27.23537476717507, 58.76037413662263, 27.73153349294329, 32.96299111526537, 3.3351063281309603, 37.320689477472534, 50.68952212426765, 61.004953400825755, 66.73457107874208, 20.236612195918614, 52.10281019121175, 47.88812460139677, 68.36835385103913, 32.05766350282448, 67.38283820660124, 20.440262660477355, 72.45381844310373, 48.07444256843601, 66.23140195259576, 61.61273810436594, 69.7169619718906, 26.787235467661255, 59.92295462515606, 43.69753101260779, 31.650460715659428, 41.42514294633794, 34.368826437433206, 53.43563401369164, 44.94147247924411, 60.734109636132644, 30.773982879521665, 26.80907328311892, 34.0202055477317, 69.09524222777202], [63.63296412176864, 63.63296412176864, 51.37601181020211, 55.97757691174107, 87.92556468043213, 35.80224990173803, 50.35322387478227, 74.58483591971695, 80.0014150720704, 69.64637550676916, 0.0, 71.64636725944173, 70.78755216262385, 31.313217941339268, 31.672194268220142, 47.918454042493025, 17.239424100748543, 21.079341017098997, 45.47749013665685, 17.404255866992028, 96.44196536476503, 97.9833682316213, 69.15892244809294, 58.488244445133226, 24.453759425215633, 46.288550833013055, 86.03314004921198, 49.9652559811009, 50.24224682051584, 30.94788347217757, 7.593018538940171, 68.17484311955432, 81.44987152151512, 49.7411000722372, 8.155195691371222, 31.290512035638578, 3.917823982340626, 84.68357914467056, 18.317654986627968, 95.37891256880297, 14.317081802698766, 68.39031348076706, 97.63287823435275, 28.222814178000892, 98.98997090949369, 19.909711738151493, 85.18243139914044, 49.444359069273034, 50.590908333667024, 95.4228965444741, 97.95854851811491, 6.5791395055865225], [23.807463612430652, 23.807463612430652, 39.12454740429946, 78.57608802331916, 34.078257824498614, 36.485694857503375, 36.46748368379373, 74.34423548282986, 9.903953642927988, 59.13593692371241, 71.64636725944173, 0.0, 95.70045479987866, 72.61040007476596, 66.7162526687707, 38.34085564675016, 60.44582272121979, 74.9404967029901, 44.42086479045666, 54.298371288179375, 67.61187123312943, 60.2811919852211, 61.96766377141795, 85.83377477405689, 72.31121420661731, 27.290481036477434, 14.387005973192108, 50.565682025817324, 21.44161795840299, 75.44145538903567, 65.02325448599933, 86.4452228708926, 10.490488313023558, 50.61407679555976, 67.62256558976925, 75.96396164898957, 70.93597079736881, 13.960952944190973, 57.20649972059242, 66.60689194412576, 57.45230907218547, 95.85163847449532, 61.80557148208648, 57.673895812814784, 60.142154197196575, 70.90828487289664, 27.56826531195677, 24.070850477911687, 34.28363998984276, 66.70245808961451, 58.508080500687576, 66.22783451559651], [105.68187591878566, 105.68187591878566, 56.684475877500894, 18.140557779345713, 83.83927186220645, 71.60779757886367, 59.56980490282342, 29.650198424916216, 105.37898299400143, 42.202617951093195, 70.78755216262385, 95.70045479987866, 0.0, 39.70771274854177, 41.33457072682925, 58.14725673549528, 82.61485281309595, 49.88953869629072, 52.45981783101478, 70.02474933424885, 62.02061813238362, 71.35685860761464, 38.88896549373705, 12.631873898076247, 46.37420411961571, 87.54788655050513, 105.90815774261141, 45.3012362666357, 81.82099470807296, 39.841050056326985, 73.98898715434079, 10.144956119755827, 105.29359042021525, 45.28055796834769, 77.37551358829776, 39.50941635630463, 66.89569905507994, 101.26758588232792, 80.92681623019557, 61.59641164803144, 69.16641072341551, 3.3535400930912718, 69.36764671231553, 50.14361688927715, 72.88587928038133, 50.96510928755318, 86.62893454129679, 88.70743683089222, 61.8309646193378, 61.560196581576, 73.08202833487564, 74.05154869683157], [74.8675872348106, 74.8675872348106, 37.85263949233148, 24.86479336314642, 75.81986774509919, 39.37114273331571, 38.94562775407949, 45.86900997285777, 82.3951650447957, 45.20646106254528, 31.313217941339268, 72.61040007476596, 39.70771274854177, 0.0, 6.04158078091054, 36.38736617600341, 43.2306906693854, 11.463744419497923, 30.826017175644225, 31.69615364812149, 72.92211603559169, 77.33415090272877, 43.64214377296928, 27.248040832689266, 6.9706222557712705, 55.54005778141901, 85.8270540250423, 29.870874888109782, 53.38139013221708, 3.084491855596918, 34.30429384177728, 36.93361031433621, 83.09020532573199, 29.663955671874447, 37.669815657191, 3.5149665336872062, 27.396347952656846, 82.61653160681911, 41.870886442156916, 71.9903784914812, 30.254766796250156, 37.5253550384643, 76.35398979889622, 15.333792240164907, 78.61270735384724, 11.407380150662139, 75.44309714671208, 57.666445138114256, 40.53359627177359, 72.01090180323504, 77.96393408355804, 34.34589111266979], [69.73789851409492, 69.73789851409492, 31.873788711173066, 24.7951011524789, 69.980909968746, 34.173382883893716, 32.91384917309166, 43.33579251522253, 76.52783179542519, 40.93878936510804, 31.672194268220142, 66.7162526687707, 41.33457072682925, 6.04158078091054, 0.0, 30.349739622699964, 41.38997241868633, 14.63245110419754, 24.828157786889005, 28.741340521699367, 68.64397276776344, 72.47650660097109, 39.69071419286071, 28.70315145201973, 9.760336553998922, 50.484599660943736, 79.84906179433422, 24.354395980988127, 47.78543773546207, 9.083419454748523, 33.3272998478205, 37.09250767077878, 77.18619064302125, 24.139487841296422, 37.033974704722084, 9.545584548372183, 27.819620001882857, 76.5991830748319, 39.60032560724356, 67.67475487064148, 27.839342078052756, 39.545639873164305, 71.6076508083725, 10.10279838899412, 73.71387682845511, 12.823104903623845, 69.48599349884145, 52.45955949351687, 34.49248379983934, 67.70110384529805, 72.996500720324, 33.57982825143995], [48.332766845226935, 48.332766845226935, 3.9618627473287704, 40.52774409744531, 41.029565686311344, 19.956335365160058, 2.659701051961602, 41.843685236234364, 48.22722504932049, 29.356554664469765, 47.918454042493025, 38.34085564675016, 58.14725673549528, 36.38736617600341, 30.349739622699964, 0.0, 46.17615575288628, 41.94624297223645, 6.101109331190751, 33.1216794878038, 51.538658148842515, 50.96396010003898, 30.842240365075035, 47.66509908696857, 38.085542286555565, 32.1279494591158, 50.37456589904417, 13.02069416212029, 24.327922061610362, 39.430138092272074, 44.30884671384129, 49.50311830037142, 48.50801931264734, 13.001495029892183, 48.233018298119184, 39.89528950566796, 45.402464424502334, 46.68911689022037, 42.83080362011722, 50.411551552497045, 35.19469376612185, 57.9888136362602, 50.9599929179504, 23.523577455415175, 51.81975450170551, 38.3192711855061, 39.62279028354379, 32.32802904540687, 4.228073022510208, 50.475313374162, 50.65100715015222, 45.292492728995796], [48.54132627488131, 48.54132627488131, 50.08948787491366, 66.05353198434378, 82.35926898704248, 28.535794917874842, 48.08182285105028, 80.8043795288675, 67.70445120461736, 72.75362811648779, 17.239424100748543, 60.44582272121979, 82.61485281309595, 43.2306906693854, 41.38997241868633, 46.17615575288628, 0.0, 35.399420937836936, 45.94473276395444, 14.097019349619229, 97.51724772521375, 97.02702626399318, 73.05728529832467, 69.99771791662657, 37.25586319084466, 33.40785045886742, 74.61622991308826, 52.540061063074845, 40.01582348782264, 43.86525865068555, 10.174258773493456, 78.30980754458234, 69.41571445816454, 52.34297424608277, 9.505116223825635, 44.32299758483796, 19.600121871110375, 74.18094440187299, 3.5148145298684272, 96.40030262230286, 13.775075486737432, 80.63254337209948, 97.10739165276058, 34.066454114205534, 97.81620907231836, 32.806878250074995, 78.48911765703784, 36.691748593936325, 47.53378507813957, 96.45941589463636, 96.57755312524172, 10.853194464033558], [73.51263530702843, 73.51263530702843, 44.26076981557216, 36.161343567303476, 82.74146374190236, 39.27701632484395, 44.60485090647268, 57.224991160104814, 84.40520400520538, 55.57102121838665, 21.079341017098997, 74.9404967029901, 49.88953869629072, 11.463744419497923, 14.63245110419754, 41.94624297223645, 35.399420937836936, 0.0, 37.25280029084093, 26.556998399094102, 83.27479756858405, 86.93354756486293, 54.28624057858205, 37.80106073957382, 4.89912513604809, 54.3319710959731, 88.8174072728692, 38.386666748053756, 54.32216875705295, 10.212759931310206, 25.586608318095774, 48.044373132860876, 85.38122423834763, 38.163172849607655, 28.343028489267468, 10.464035286154186, 17.279263025600738, 86.21106206630796, 34.7996701966975, 82.30341770446769, 24.213105290368976, 47.39969224605499, 86.12417898153679, 18.445008935517702, 88.1439855152421, 4.048991121307217, 81.56740091737305, 56.92114994021835, 45.7638418947379, 82.33017987211402, 87.37999645033057, 25.333273714635585], [53.48872523480491, 53.48872523480491, 7.075446733090243, 34.67074787677938, 45.508671409381165, 22.365265260559614, 8.345000725141189, 38.136158048187546, 54.312763710051314, 27.23537476717507, 45.47749013665685, 44.42086479045666, 52.45981783101478, 30.826017175644225, 24.828157786889005, 6.101109331190751, 45.94473276395444, 37.25280029084093, 0.0, 32.219667091540934, 51.757132906069664, 52.52176064371321, 28.116617156157112, 41.72758298205865, 33.11214286806266, 36.378513675812, 56.453595250278006, 8.184434009162535, 29.48544350636012, 33.897451523093764, 42.74955888371518, 44.08902726343061, 54.60675077296519, 8.086583358880944, 46.788180340259096, 34.34086622315829, 42.61547693889692, 52.70709129142296, 42.77870491854712, 50.65424457165643, 33.831588681078664, 52.17784973277132, 52.237903285053854, 19.139760042147618, 53.51493160871112, 33.837952607564965, 44.68922078265795, 36.97399891599695, 10.288868971772192, 50.70843737819923, 52.48225633525751, 43.63156333926276], [48.114686894667145, 48.114686894667145, 36.925799707348354, 52.894082908857946, 71.54479850144648, 18.46852656198979, 35.26701428967118, 66.74057856521095, 62.81518904798985, 58.76037413662263, 17.404255866992028, 54.298371288179375, 70.02474933424885, 31.69615364812149, 28.741340521699367, 33.1216794878038, 14.097019349619229, 26.556998399094102, 32.219667091540934, 0.0, 83.9612669895527, 84.06996696768547, 58.99544690565277, 57.404553275534035, 26.837763462179794, 29.708021846456028, 68.68070712613151, 38.52698063970273, 32.869763612098374, 32.99733000472395, 11.65559947023477, 65.03930967773924, 64.2016356222117, 38.326094208306365, 15.305465781581654, 33.51465932529219, 16.753016549620728, 67.27970066881869, 11.431753778157569, 82.8541398033226, 3.176546803848711, 68.28650957343791, 84.00497538078568, 20.395621802827417, 84.93921841940052, 23.022570252261925, 68.39530964038076, 32.71828983658572, 35.05886277184345, 82.90973998775942, 83.7721016675992, 12.782813381532078], [88.81508550556188, 88.81508550556188, 47.579552218166704, 55.885978708964316, 37.2645687547725, 71.06152403171643, 49.97067831760483, 32.83581125502046, 73.98762490672937, 27.73153349294329, 96.44196536476503, 67.61187123312943, 62.02061813238362, 72.92211603559169, 68.64397276776344, 51.538658148842515, 97.51724772521375, 83.27479756858405, 51.757132906069664, 83.9612669895527, 0.0, 11.47194880060075, 29.415403657611666, 61.31394521044502, 78.40129312143905, 79.1236033936788, 69.62219738433153, 46.47950815141836, 69.04417405515821, 75.56929015089824, 94.40061362260889, 52.73806983477545, 72.62090050101453, 46.70435216626434, 98.46397709724573, 75.74007262996297, 93.20179550947907, 64.07465407559414, 94.24505056287116, 1.135272760714756, 85.56947672816646, 64.48709196052327, 9.032820650067366, 68.40017942539673, 12.824332448492877, 81.04027876167328, 43.4622120997766, 77.86441130456448, 51.05104173520165, 1.0650087883214336, 13.841785744006039, 95.23435693988064], [82.67274173659054, 82.67274173659054, 47.146118781390165, 63.14369053049141, 27.74968972430011, 69.34947067314259, 48.95131129790559, 41.726967779396986, 65.6575373482917, 32.96299111526537, 97.9833682316213, 60.2811919852211, 71.35685860761464, 77.33415090272877, 72.47650660097109, 50.96396010003898, 97.02702626399318, 86.93354756486293, 52.52176064371321, 84.06996696768547, 11.47194880060075, 0.0, 35.468989373225085, 69.21530014745252, 82.16766806172659, 75.17407921162713, 60.51962540767195, 48.79910669823168, 64.92612212405206, 80.17405202865147, 95.08790545182482, 61.67308209527634, 64.09770121233488, 49.02727010990432, 99.07230735096125, 80.41384112649757, 95.026841568987, 55.02606326282444, 93.6247922985611, 11.210861191004664, 86.03268147157083, 73.58180827048585, 2.441208516073062, 70.64548976385915, 1.531144585992614, 84.2784217213361, 34.3232316288351, 73.50370476336279, 49.54960966032718, 11.290502161563477, 2.4161398266532292, 96.02001424920627], [77.52104173726441, 77.52104173726441, 27.41981143033998, 27.807333856526103, 45.040562958228634, 50.30831065995304, 30.635170826420236, 12.387016149227657, 70.91431927956977, 3.3351063281309603, 69.15892244809294, 61.96766377141795, 38.88896549373705, 43.64214377296928, 39.69071419286071, 30.842240365075035, 73.05728529832467, 54.28624057858205, 28.116617156157112, 58.99544690565277, 29.415403657611666, 35.468989373225085, 0.0, 34.27850203603055, 49.38879661889711, 62.79102397438886, 69.84680996101557, 20.600916568580704, 54.141341575168525, 46.22112742392161, 68.24329588514105, 28.744543526448513, 70.3746246186917, 20.785201177773658, 72.32189907398602, 46.37534655558164, 65.65456762101302, 64.76308511812965, 70.10610875823778, 28.540006068809163, 59.990499132512795, 40.419970711393006, 34.01977118986042, 40.97305496885523, 36.909965882113866, 52.35333875447327, 48.25823025433441, 62.66702681762459, 32.62535262447288, 28.55183122360989, 36.65687081236595, 68.92272258744947], [94.26966447289901, 94.26966447289901, 46.741007849855066, 7.406824454514601, 77.63698960200205, 59.654869906095584, 49.37906870320534, 28.75571518784414, 95.65397717777023, 37.320689477472534, 58.488244445133226, 85.83377477405689, 12.631873898076247, 27.248040832689266, 28.70315145201973, 47.66509908696857, 69.99771791662657, 37.80106073957382, 41.72758298205865, 57.404553275534035, 61.31394521044502, 69.21530014745252, 34.27850203603055, 0.0, 34.03455100163406, 75.78844526701694, 96.88788670060588, 35.3282093903595, 70.64208261749557, 27.62852250485829, 61.455027507052066, 11.44170193467024, 95.75189783956783, 35.26415309212383, 64.89905640634258, 27.34280957130079, 54.579904631508015, 92.54251681350402, 68.29528443918608, 60.68362961086985, 56.53473129527593, 11.075308773343814, 67.51174158978152, 37.62460886302004, 70.7067765475527, 38.596676500189595, 79.60151276844707, 77.12668811904283, 51.59080024822466, 6