130 7080.31 0 1680 1 1680
[6278.48, 302.82, 3491.71, 2701.96, 4729.98, 730.56, 6142.19, 8725.74, 2374.74, 5304.74, 8240.39, 8439.22, 985.54, 5420.83, 6339.93, 8146.44, 2954.98, 7624.47, 2851.77, 5829.52, 8142.55, 9260.25, 9291.37, 6037.08, 3119.6, 5946.14, 248.48, 2093.16, 1406.91, 5862.03, 307.23, 3060.84, 3930.76, 963.83, 5335.26, 1642.46, 4729.32, 5788.3, 7176.96, 4660.98, 9853.75, 1862.14, 2743.54, 529.36, 1884.7, 3766.36, 227.26, 215.63, 770.38, 8730.86, 3628.53, 7558.67, 9575.58, 9501.71, 2492.29, 9677.56, 8290.2, 2482.36, 8774.05, 481.55, 9457.34, 5069.55, 2625.68, 1423.97, 282.53, 8575.63, 9554.67, 3959.68, 9714.88, 670.6, 9875.14, 5406.18, 4791.91, 170.15, 2878.35, 1765.85, 752.79, 8105.51, 7088.39, 7544.69, 6260.11, 6341.32, 9161.14, 2563.98, 9610.46, 4644.95, 5846.25, 2969.87, 7055.95, 9325.67, 751.42, 296.5, 8277.67, 6466.27, 8276.64, 3824.96, 7985.05, 2395.43, 1273.46, 3800.38, 8696.06, 420.0, 3648.61, 2000.15, 7220.64, 6195.29, 2397.76, 1335.39, 640.47, 5375.45, 6214.32, 8033.77, 6182.83, 4754.97, 5911.42, 2914.7, 7965.34, 4573.34, 4821.88, 1286.51, 3071.68, 859.11, 2362.44, 1675.09, 2975.7, 9308.11, 6140.87, 1644.38, 7928.7, 8081.89]
[6379.25, 3460.73, 1986.15, 2825.14, 1637.69, 8163.98, 3483.16, 1319.85, 4255.84, 3834.42, 3027.86, 4814.53, 7327.09, 4501.63, 3954.76, 7048.79, 4795.17, 8911.96, 3143.06, 5137.51, 3541.35, 7995.13, 7349.09, 6701.52, 1261.05, 5094.01, 4192.5, 6058.35, 6616.52, 3677.33, 8624.27, 2171.3, 2085.44, 7909.85, 1467.69, 6711.31, 6922.42, 6670.67, 2201.57, 5761.5, 3593.06, 2043.84, 8544.43, 5997.4, 4958.34, 4940.84, 7900.79, 1113.17, 5260.01, 5861.29, 3861.86, 5731.4, 7090.91, 7261.22, 4927.92, 6556.92, 4619.41, 4097.04, 4191.54, 8583.18, 4917.52, 8954.98, 8772.6, 3621.34, 4682.57, 5941.39, 6112.88, 7951.85, 2346.36, 3570.24, 5256.51, 1701.55, 5116.08, 4140.88, 5571.5, 3691.55, 3877.18, 5192.03, 5356.69, 6857.71, 8029.95, 2744.39, 1723.46, 1802.35, 3527.46, 4733.07, 1138.52, 4224.71, 3154.12, 4955.29, 8714.27, 7611.37, 3098.21, 6760.06, 3175.2, 4987.78, 8959.65, 1174.19, 2020.41, 5936.53, 3115.61, 4163.78, 2858.74, 2865.35, 4305.2, 7709.5, 3562.42, 7752.39, 4327.13, 3208.55, 4459.46, 4454.51, 8349.69, 3834.47, 7204.88, 3883.57, 2318.67, 5492.89, 4714.69, 7318.64, 1171.97, 4362.21, 7701.16, 3848.43, 6773.31, 8492.6, 7700.08, 8563.68, 5062.24, 4457.7]
[6, 1, 4, 3, 5, 1, 6, 8, 3, 5, 8, 8, 1, 5, 6, 8, 3, 7, 3, 6, 8, 9, 9, 6, 3, 6, 1, 2, 2, 6, 1, 3, 4, 1, 5, 2, 5, 6, 7, 5, 9, 2, 3, 1, 2, 4, 1, 1, 1, 8, 4, 7, 9, 9, 3, 9, 8, 3, 8, 1, 9, 5, 3, 2, 1, 8, 9, 4, 9, 1, 9, 5, 5, 1, 3, 2, 1, 8, 7, 7, 6, 6, 9, 3, 9, 5, 6, 3, 7, 9, 1, 1, 8, 6, 8, 4, 8, 3, 2, 4, 8, 1, 4, 2, 7, 6, 3, 2, 1, 5, 6, 8, 6, 5, 6, 3, 8, 5, 5, 2, 3, 1, 3, 2, 3, 9, 6, 2, 8, 8]
[1, 2, 3, 4, 5, 6, 7, 8, 9, 10, 11, 12, 13, 14, 15, 16, 17, 18, 19, 20, 21, 22, 23, 24, 25, 26, 27, 28, 29, 30, 31, 32, 33, 34, 35, 36, 37, 38, 39, 40, 41, 42, 43, 44, 45, 46, 47, 48, 49, 50, 51, 52, 53, 54, 55, 56, 57, 58, 59, 60, 61, 62, 63, 64, 65, 66, 67, 68, 69, 70, 71, 72, 73, 74, 75, 76, 77, 78, 79, 80, 81, 82, 83, 84, 85, 86, 87, 88, 89, 90, 91, 92, 93, 94, 95, 96, 97, 98, 99, 100, 101, 102, 103, 104, 105, 106, 107, 108, 109, 110, 111, 112, 113, 114, 115, 116, 117, 118, 119, 120, 121, 122, 123, 124, 125, 126, 127, 128, 129, 130]
[3, 2, 2, 3, 1, 2, 3, 3, 3, 1, 3, 3, 2, 1, 3, 3, 3, 1, 3, 3, 3, 2, 2, 3, 3, 3, 2, 3, 3, 3, 2, 3, 2, 2, 1, 3, 1, 3, 1, 1, 2, 3, 3, 2, 3, 2, 2, 2, 2, 3, 2, 1, 2, 2, 3, 2, 3, 3, 3, 2, 2, 1, 3, 3, 2, 3, 2, 2, 2, 2, 2, 1, 1, 2, 3, 3, 2, 3, 1, 1, 3, 3, 2, 3, 2, 1, 3, 3, 1, 2, 2, 2, 3, 3, 3, 2, 3, 3, 3, 2, 3, 2, 2, 3, 1, 3, 3, 3, 2, 1, 3, 3, 3, 1, 3, 3, 3, 1, 1, 3, 3, 2, 3, 3, 3, 2, 3, 3, 3, 3]
[3, 2, 1, 2, 3, 2, 3, 1, 2, 3, 1, 1, 2, 3, 3, 1, 2, 2, 2, 3, 1, 2, 2, 3, 2, 3, 2, 1, 1, 3, 2, 2, 1, 2, 3, 1, 3, 3, 2, 3, 2, 1, 2, 2, 1, 1, 2, 2, 2, 1, 1, 2, 2, 2, 2, 2, 1, 2, 1, 2, 2, 3, 2, 1, 2, 1, 2, 1, 2, 2, 2, 3, 3, 2, 2, 1, 2, 1, 2, 2, 3, 3, 2, 2, 2, 3, 3, 2, 2, 2, 2, 2, 1, 3, 1, 1, 1, 2, 1, 1, 1, 2, 1, 1, 2, 3, 2, 1, 2, 3, 3, 1, 3, 3, 3, 2, 1, 3, 3, 1, 2, 2, 2, 1, 2, 2, 3, 1, 1, 1]
[5, 2, 10, 7, 10, 5, 4, 4, 5, 3, 5, 5, 8, 3, 6, 7, 7, 6, 5, 2, 10, 5, 1, 6, 6, 6, 6, 8, 7, 5, 10, 1, 9, 10, 6, 6, 9, 10, 3, 10, 9, 5, 9, 4, 9, 6, 7, 5, 5, 4, 6, 6, 5, 5, 10, 9, 10, 9, 9, 9, 3, 3, 7, 1, 8, 9, 2, 9, 7, 5, 9, 9, 10, 7, 6, 3, 3, 2, 7, 4, 7, 10, 9, 10, 2, 8, 2, 3, 9, 4, 9, 7, 5, 1, 10, 9, 2, 7, 5, 5, 6, 9, 3, 9, 10, 3, 5, 3, 3, 6, 3, 1, 3, 8, 9, 1, 4, 6, 7, 6, 7, 8, 7, 6, 7, 1, 4, 4, 10, 5]
[4605.93, 3075.65, 3112.09, 4080.68, 3415.1, 4200.52, 3300.13, 3203.07, 4432.26, 3645.19, 4696.49, 4455.85, 3620.61, 3629.97, 3579.71, 4804.83, 4090.75, 3641.81, 4423.2, 3074.92, 3049.31, 4530.41, 3806.22, 3651.27, 3733.92, 4655.84, 4000.78, 4306.74, 3738.42, 4347.05, 4149.63, 3686.55, 4502.52, 4209.99, 3863.79, 3627.54, 4816.43, 4491.31, 3650.63, 3457.9, 4677.77, 4493.25, 4445.17, 3245.21, 4611.6, 3402.99, 3613.8, 4253.81, 4433.52, 3237.26, 4091.1, 4341.31, 4513.58, 4610.63, 3575.8, 4815.81, 3497.06, 4685.07, 4324.16, 4512.46, 3640.1, 3694.23, 4062.59, 4839.86, 4432.49, 4759.78, 3076.42, 4655.94, 4780.45, 4308.91, 4604.43, 4793.97, 3765.39, 4307.2, 4306.74, 3858.12, 3621.07, 3075.39, 4241.47, 3229.86, 4196.78, 4527.74, 4614.0, 3210.1, 3076.0, 3447.96, 3076.98, 3845.28, 4710.62, 3267.24, 4751.66, 4627.06, 4404.74, 4751.59, 4026.18, 4643.73, 3075.49, 3701.68, 4323.22, 4281.74, 3659.37, 4388.94, 3746.8, 4696.45, 3562.85, 3804.58, 4464.91, 3729.24, 3908.32, 4220.65, 3632.37, 3568.1, 3845.29, 4152.94, 4879.73, 4686.71, 3272.98, 4583.34, 4845.74, 4506.07, 4390.02, 4520.38, 3917.36, 4710.25, 4573.18, 4492.1, 3232.04, 3216.25, 4357.39, 4732.33]
[0.26, 0.56, 0.43, 0.38, 0.45, 0.3, 0.62, 0.69, 0.7, 0.75, 0.67, 0.5, 0.32, 0.26, 0.61, 0.59, 0.45, 0.76, 0.49, 0.75, 0.83, 0.59, 0.45, 0.76, 0.74, 0.68, 0.73, 0.33, 0.33, 0.4, 0.47, 0.48, 0.34, 0.73, 0.67, 0.78, 0.84, 0.48, 0.33, 0.57, 0.66, 0.17, 0.77, 0.6, 0.73, 0.65, 0.44, 0.54, 0.71, 0.58, 0.56, 0.69, 0.21, 0.57, 0.65, 0.5, 0.64, 0.37, 0.91, 0.34, 0.76, 0.19, 0.63, 0.41, 0.33, 0.78, 0.61, 0.5, 0.6, 0.22, 0.61, 0.53, 0.64, 0.53, 0.81, 0.79, 0.37, 0.46, 0.3, 0.63, 0.63, 0.55, 0.94, 0.7, 0.52, 0.32, 0.71, 0.73, 0.42, 0.56, 0.39, 0.38, 0.32, 0.6, 0.67, 0.68, 0.43, 0.36, 0.71, 0.74, 0.59, 0.3, 0.45, 0.89, 0.9, 0.62, 0.29, 0.15, 0.71, 0.72, 0.22, 0.54, 0.19, 0.3, 0.71, 0.46, 0.64, 0.48, 0.46, 0.49, 0.62, 0.32, 0.5, 0.62, 0.48, 0.43, 0.58, 0.58, 0.79, 0.32]
[0.8, 0.94, 0.71, 1.08, 0.68, 0.7, 0.51, 1.05, 0.94, 1.0, 0.55, 0.91, 0.68, 0.94, 0.84, 0.66, 0.51, 0.88, 0.84, 0.93, 1.04, 1.0, 0.64, 0.78, 0.9, 0.52, 0.8, 0.68, 0.51, 0.97, 0.5, 0.81, 0.95, 0.88, 0.87, 0.66, 0.51, 0.63, 0.86, 0.52, 0.9, 1.0, 0.76, 0.91, 0.52, 0.59, 0.96, 0.63, 1.04, 0.88, 1.09, 0.9, 0.57, 0.53, 0.59, 1.02, 1.06, 0.83, 1.03, 0.5, 0.82, 0.72, 0.57, 0.8, 0.68, 1.07, 0.86, 0.62, 1.0, 1.04, 0.71, 1.07, 0.52, 0.78, 0.96, 1.06, 0.85, 0.68, 0.77, 0.74, 0.98, 0.99, 0.6, 0.63, 0.94, 0.82, 0.76, 0.93, 0.53, 0.87, 1.04, 0.78, 0.74, 0.94, 0.58, 0.69, 0.96, 0.52, 0.85, 0.69, 0.85, 0.59, 1.01, 0.63, 0.95, 0.8, 0.77, 1.02, 0.67, 0.78, 0.77, 1.03, 0.88, 0.7, 0.78, 0.99, 0.94, 0.98, 0.88, 0.6, 0.72, 0.85, 0.77, 0.9, 1.02, 1.09, 0.77, 0.9, 0.88, 0.54]
[0.74, 0.66, 0.97, 0.9, 1.07, 0.79, 1.03, 0.77, 0.59, 0.94, 0.75, 0.93, 0.97, 0.81, 1.09, 0.85, 0.79, 0.82, 0.71, 0.82, 0.71, 0.54, 0.96, 1.06, 0.88, 1.04, 0.51, 0.76, 0.97, 0.83, 0.82, 0.51, 0.62, 0.9, 0.89, 1.1, 0.9, 0.56, 0.63, 0.87, 0.78, 0.99, 0.71, 1.03, 0.81, 0.68, 0.86, 0.77, 0.72, 0.69, 0.73, 1.03, 0.62, 0.97, 0.93, 0.98, 0.72, 0.63, 0.73, 0.53, 0.92, 0.75, 0.51, 0.82, 0.57, 1.04, 0.54, 1.0, 1.0, 0.81, 0.71, 0.72, 0.74, 0.95, 0.73, 0.65, 1.05, 0.98, 0.51, 0.73, 0.97, 0.72, 0.92, 1.02, 0.87, 0.65, 0.56, 1.08, 0.61, 0.5, 0.92, 0.98, 0.84, 0.58, 0.52, 0.76, 1.0, 0.55, 0.95, 0.86, 1.06, 1.06, 0.96, 1.09, 0.54, 0.65, 0.99, 0.77, 1.07, 0.8, 0.97, 0.58, 0.87, 0.93, 0.95, 0.64, 0.94, 0.86, 0.73, 0.52, 0.84, 0.68, 0.99, 0.75, 0.54, 1.02, 0.69, 1.04, 0.7, 0.51]
[0.52, 0.66, 0.61, 0.78, 1.02, 0.85, 0.5, 0.52, 0.68, 1.09, 0.97, 0.53, 0.92, 1.02, 0.96, 1.09, 1.01, 0.51, 0.86, 0.93, 0.96, 0.57, 0.88, 0.6, 0.6, 0.58, 0.97, 0.54, 0.58, 0.92, 0.99, 0.59, 0.69, 0.83, 0.58, 1.04, 0.95, 1.04, 0.62, 0.85, 0.62, 1.06, 0.7, 0.58, 0.92, 0.54, 0.89, 1.05, 0.69, 0.76, 0.94, 0.67, 0.88, 1.08, 0.69, 0.54, 0.87, 0.6, 0.87, 0.72, 0.74, 0.93, 0.82, 1.01, 0.54, 0.61, 0.6, 0.74, 0.55, 0.9, 1.06, 0.98, 0.82, 1.01, 0.91, 1.0, 0.89, 0.59, 0.97, 0.98, 0.87, 0.64, 1.07, 0.75, 0.9, 0.92, 0.7, 0.69, 0.9, 0.55, 0.6, 0.95, 1.03, 0.54, 0.95, 0.66, 0.61, 0.69, 0.95, 0.56, 0.71, 0.61, 0.85, 0.58, 0.88, 0.66, 0.58, 0.79, 1.09, 0.62, 1.03, 0.57, 0.68, 0.66, 0.62, 0.91, 0.81, 1.04, 0.96, 0.99, 0.65, 0.71, 0.87, 0.65, 1.0, 0.76, 0.94, 0.63, 0.77, 0.81]
[0.72, 1.04, 0.89, 0.85, 1.02, 0.98, 0.87, 1.03, 1.09, 1.06, 0.72, 1.05, 0.53, 1.04, 0.66, 1.06, 0.97, 0.86, 0.5, 0.74, 1.05, 0.91, 0.99, 1.04, 0.93, 0.69, 0.78, 1.1, 0.98, 0.74, 0.59, 0.87, 0.81, 0.68, 0.93, 0.81, 0.95, 0.81, 0.64, 1.01, 0.82, 0.65, 0.83, 0.68, 0.68, 1.02, 0.58, 0.86, 0.99, 0.68, 0.85, 0.63, 0.51, 0.99, 0.85, 0.93, 0.78, 0.9, 0.94, 0.77, 0.73, 0.94, 0.69, 0.89, 0.54, 0.92, 0.77, 1.0, 1.0, 0.76, 0.89, 0.73, 0.53, 0.92, 0.79, 0.57, 0.59, 0.54, 1.05, 0.9, 0.71, 0.63, 0.5, 0.75, 0.66, 0.78, 0.9, 0.65, 0.86, 0.53, 0.82, 0.88, 0.75, 1.08, 1.02, 0.76, 0.79, 0.85, 0.84, 0.96, 0.78, 0.64, 1.02, 0.63, 0.84, 1.07, 0.77, 0.72, 0.58, 0.7, 0.83, 0.72, 0.77, 1.01, 0.65, 1.04, 0.75, 0.69, 0.77, 0.91, 0.76, 0.99, 0.55, 0.78, 0.73, 1.0, 0.86, 1.08, 0.55, 0.85]
[0.87, 0.75, 0.89, 0.92, 0.65, 0.86, 0.98, 0.55, 0.93, 0.69, 0.83, 0.87, 0.68, 0.75, 0.89, 0.92, 0.85, 0.7, 1.02, 1.05, 0.81, 0.7, 0.89, 0.74, 0.8, 0.51, 0.5, 0.96, 1.05, 0.68, 0.8, 1.03, 0.55, 0.71, 0.59, 0.72, 0.83, 0.77, 0.82, 0.91, 0.62, 0.53, 1.06, 0.86, 0.59, 1.1, 0.72, 0.96, 0.9, 0.69, 1.0, 0.96, 0.66, 0.54, 1.02, 0.56, 0.82, 0.94, 0.78, 0.81, 0.84, 1.03, 0.8, 0.52, 0.81, 0.82, 0.61, 0.5, 1.03, 0.63, 0.56, 0.96, 0.59, 0.84, 0.77, 0.83, 0.98, 0.85, 1.06, 1.06, 0.6, 0.51, 1.04, 0.58, 0.89, 0.63, 1.04, 0.87, 0.53, 0.99, 0.85, 0.83, 0.86, 0.96, 0.77, 0.6, 0.95, 0.55, 0.94, 0.81, 0.7, 1.04, 0.52, 0.99, 1.03, 0.94, 0.63, 0.98, 1.04, 0.96, 0.77, 0.58, 0.57, 0.93, 1.03, 0.87, 1.09, 0.65, 1.07, 0.8, 0.68, 0.96, 0.62, 0.63, 0.69, 0.95, 0.56, 0.89, 0.88, 0.69]
[0.19, 0.32, 0.33, 0.6, 0.5, 0.39, 0.23, 0.24, 0.38, 0.75, 0.24, 0.41, 0.22, 0.61, 0.51, 0.6, 0.33, 0.22, 0.26, 0.56, 0.6, 0.2, 0.48, 0.38, 0.36, 0.11, 0.15, 0.29, 0.29, 0.37, 0.19, 0.22, 0.18, 0.31, 0.25, 0.44, 0.34, 0.23, 0.18, 0.35, 0.22, 0.36, 0.33, 0.32, 0.16, 0.24, 0.31, 0.42, 0.46, 0.21, 0.63, 0.37, 0.1, 0.3, 0.33, 0.28, 0.42, 0.27, 0.48, 0.12, 0.34, 0.49, 0.13, 0.31, 0.09, 0.52, 0.13, 0.23, 0.57, 0.36, 0.26, 0.53, 0.1, 0.58, 0.39, 0.33, 0.45, 0.18, 0.42, 0.51, 0.35, 0.14, 0.31, 0.21, 0.44, 0.24, 0.28, 0.39, 0.13, 0.12, 0.4, 0.53, 0.41, 0.3, 0.23, 0.16, 0.44, 0.09, 0.61, 0.26, 0.34, 0.25, 0.44, 0.25, 0.39, 0.34, 0.22, 0.44, 0.47, 0.26, 0.49, 0.14, 0.23, 0.4, 0.31, 0.53, 0.58, 0.39, 0.5, 0.22, 0.2, 0.39, 0.23, 0.22, 0.28, 0.81, 0.24, 0.56, 0.23, 0.13]
[700.51, 1673.46, 989.37, 1032.98, 869.45, 790.41, 1153.24, 1251.39, 1399.24, 2417.02, 729.24, 789.37, 2074.99, 1760.62, 1642.85, 926.92, 906.56, 1761.71, 895.33, 1426.21, 1524.15, 1150.46, 1190.94, 1812.02, 1620.43, 1363.44, 1617.9, 1736.78, 924.25, 570.54, 913.17, 1110.4, 1514.82, 982.34, 1409.74, 1648.78, 1946.39, 1140.16, 1909.24, 1155.61, 1799.44, 849.36, 1731.61, 1143.27, 2274.12, 1694.68, 966.97, 799.63, 1419.19, 1034.85, 1525.39, 1262.62, 892.42, 1180.89, 1085.07, 1788.83, 1106.21, 1286.42, 2107.06, 1779.54, 2179.31, 2023.45, 1150.03, 1406.85, 2089.7, 2042.15, 1511.86, 1553.81, 1533.7, 698.0, 1533.14, 1586.62, 959.76, 964.4, 1365.32, 2544.67, 1980.51, 1467.44, 1044.22, 1092.3, 1155.97, 918.84, 2184.97, 1299.96, 1656.16, 1543.32, 1624.24, 2120.61, 1390.67, 1111.62, 1465.93, 855.62, 692.6, 1434.71, 1017.24, 1752.21, 1579.05, 590.95, 1039.92, 1068.41, 1038.62, 1610.4, 1962.29, 1615.76, 1202.63, 2634.68, 810.4, 1700.18, 2480.08, 1415.92, 1818.21, 1403.36, 1842.84, 2257.28, 1743.0, 1375.27, 1367.21, 1179.99, 1153.64, 1398.24, 1303.25, 2174.42, 1381.07, 1395.71, 1067.83, 1201.9, 1305.56, 772.69, 1063.7, 947.05]
[133.73, 507.65, 324.7, 643.75, 412.01, 314.49, 262.69, 338.21, 554.33, 1815.77, 177.56, 307.99, 470.93, 1050.73, 853.8, 551.19, 304.12, 400.11, 250.62, 741.48, 967.47, 239.36, 530.22, 639.54, 623.55, 161.82, 259.73, 520.56, 286.98, 199.53, 163.84, 224.15, 275.72, 308.84, 340.03, 769.45, 656.33, 284.61, 363.35, 419.79, 366.18, 330.87, 603.76, 356.03, 374.38, 391.78, 321.06, 340.17, 646.32, 226.73, 1003.85, 465.01, 97.18, 343.81, 350.57, 488.67, 436.56, 348.89, 1006.23, 212.95, 660.32, 928.08, 165.31, 426.37, 246.3, 1056.82, 181.64, 344.51, 869.83, 263.68, 416.18, 845.17, 87.09, 555.71, 510.36, 861.74, 924.54, 249.36, 447.47, 549.29, 407.18, 131.69, 673.07, 263.99, 743.69, 364.22, 465.65, 848.28, 180.6, 130.16, 565.04, 445.49, 277.22, 432.44, 219.24, 286.29, 712.68, 53.56, 628.19, 259.37, 366.48, 401.81, 786.36, 402.08, 471.01, 895.24, 182.06, 756.26, 1154.67, 383.61, 891.01, 206.89, 393.67, 954.76, 583.81, 713.85, 812.63, 447.94, 570.16, 325.95, 288.05, 802.67, 343.91, 281.04, 273.6, 972.76, 303.26, 453.49, 225.51, 148.96]
[3002.55, 7867.32, 4446.84, 4664.89, 3847.24, 3452.06, 5266.2, 5756.93, 6496.22, 11585.08, 3146.21, 3446.83, 9874.93, 8303.09, 7714.25, 4134.62, 4032.78, 8308.55, 3976.66, 6631.05, 7120.75, 5252.31, 5454.72, 8560.1, 7602.15, 6317.21, 7589.48, 8183.92, 4121.24, 2352.7, 4065.84, 5052.02, 7074.12, 4411.7, 6548.68, 7743.9, 9231.97, 5200.79, 9046.2, 5278.07, 8497.18, 3746.81, 8158.06, 5216.34, 10870.61, 7973.38, 4334.84, 3498.17, 6595.94, 4674.24, 7126.95, 5813.1, 3962.11, 5404.45, 4925.37, 8444.17, 5031.07, 5932.1, 10035.28, 8397.69, 10396.57, 9617.24, 5250.14, 6534.25, 9948.49, 9710.73, 7059.31, 7269.07, 7168.51, 2990.02, 7165.72, 7433.08, 4298.78, 4322.02, 6326.62, 12223.36, 9402.56, 6837.22, 4721.09, 4961.48, 5279.85, 4094.18, 10424.83, 5999.79, 7780.79, 7216.61, 7621.2, 10103.05, 6453.36, 5058.11, 6829.64, 3778.08, 2963.02, 6673.53, 4586.2, 8261.06, 7395.26, 2454.75, 4699.59, 4842.05, 4693.08, 7552.01, 9311.43, 7578.78, 5513.13, 12673.39, 3552.01, 8000.89, 11900.38, 6579.6, 8591.03, 6516.82, 8714.18, 10786.39, 8215.02, 6376.33, 6336.03, 5399.95, 5268.2, 6491.22, 6016.24, 10372.12, 6405.36, 6478.54, 4839.17, 5509.52, 6027.8, 3363.46, 4818.51, 4235.24]
[168.65, 2038.27, 1123.5, 2718.77, 1560.04, 1072.44, 813.46, 1191.07, 2271.66, 8578.86, 387.78, 1039.93, 1854.64, 4753.67, 3769.02, 2255.96, 1020.6, 1500.54, 753.08, 3207.4, 4337.37, 696.82, 2151.08, 2697.68, 2617.76, 309.08, 798.67, 2102.8, 934.89, 497.63, 319.2, 620.77, 878.61, 1044.19, 1200.16, 3347.25, 2781.67, 923.03, 1316.73, 1598.95, 1330.9, 1154.37, 2518.82, 1280.16, 1371.88, 1458.9, 1105.3, 1200.83, 2731.58, 633.64, 4519.25, 1825.06, -14.11, 1219.03, 1252.84, 1943.35, 1682.81, 1244.47, 4531.16, 564.73, 2801.61, 4140.42, 326.56, 1631.86, 731.51, 4784.11, 408.21, 1222.53, 3849.15, 818.42, 1580.89, 3725.86, -64.56, 2278.55, 2051.82, 3808.71, 4122.69, 746.78, 1737.36, 2246.45, 1535.89, 158.45, 2865.35, 819.95, 3218.47, 1321.12, 1828.23, 3741.39, 402.99, 150.82, 2325.2, 1727.43, 886.08, 1662.22, 596.22, 931.44, 3063.38, -232.22, 2640.93, 796.84, 1332.41, 1509.07, 3431.78, 1510.39, 1855.05, 3976.18, 410.3, 3281.3, 5273.35, 1418.06, 3955.05, 534.45, 1468.36, 4273.79, 2419.07, 3069.23, 3563.13, 1739.71, 2350.8, 1129.76, 940.25, 3513.35, 1219.55, 905.18, 867.99, 4363.8, 1016.31, 1767.47, 627.55, 244.79]
[184.24, 92.27, 93.36, 163.23, 68.3, 126.02, 132.01, 128.12, 177.29, 72.9, 187.86, 178.23, 108.62, 72.6, 143.19, 192.19, 163.63, 72.84, 176.93, 123.0, 121.97, 135.91, 114.19, 146.05, 149.36, 186.23, 120.02, 172.27, 149.54, 173.88, 124.49, 147.46, 135.08, 126.3, 77.28, 145.1, 96.33, 179.65, 73.01, 69.16, 140.33, 179.73, 177.81, 97.36, 184.46, 102.09, 108.41, 127.61, 133.01, 129.49, 122.73, 86.83, 135.41, 138.32, 143.03, 144.47, 139.88, 187.4, 172.97, 135.37, 109.2, 73.88, 162.5, 193.59, 132.97, 190.39, 92.29, 139.68, 143.41, 129.27, 138.13, 95.88, 75.31, 129.22, 172.27, 154.32, 108.63, 123.02, 84.83, 64.6, 167.87, 181.11, 138.42, 128.4, 92.28, 68.96, 123.08, 153.81, 94.21, 98.02, 142.55, 138.81, 176.19, 190.06, 161.05, 139.31, 123.02, 148.07, 172.93, 128.45, 146.37, 131.67, 112.4, 187.86, 71.26, 152.18, 178.6, 149.17, 117.25, 84.41, 145.29, 142.72, 153.81, 83.06, 195.19, 187.47, 130.92, 91.67, 96.91, 180.24, 175.6, 135.61, 156.69, 188.41, 182.93, 134.76, 129.28, 128.65, 174.3, 189.29]
[276, 123, 124, 244, 68, 168, 198, 192, 265, 72, 281, 267, 144, 72, 214, 288, 245, 72, 265, 184, 182, 181, 152, 219, 224, 279, 160, 258, 224, 260, 165, 221, 180, 168, 77, 217, 96, 269, 73, 69, 187, 269, 266, 129, 276, 136, 144, 170, 177, 194, 163, 86, 180, 184, 214, 192, 209, 281, 259, 180, 145, 73, 243, 290, 177, 285, 123, 186, 191, 172, 184, 95, 75, 172, 258, 231, 144, 184, 84, 64, 251, 271, 184, 192, 123, 68, 184, 230, 94, 130, 190, 185, 264, 285, 241, 185, 184, 222, 259, 171, 219, 175, 149, 281, 71, 228, 267, 223, 156, 84, 217, 214, 230, 83, 292, 281, 196, 91, 96, 270, 263, 180, 235, 282, 274, 179, 193, 192, 261, 283]
[806, 1340, 1267, 1439, 621, 817, 885, 1280, 383, 1093, 1072, 1522, 807, 785, 370, 444, 903, 1071, 1404, 419, 1141, 1332, 254, 582, 682, 1292, 523, 1618, 203, 1679, 742, 1208, 863, 1063, 85, 1593, 825, 1165, 1292, 683, 450, 1377, 664, 809, 673, 674, 674, 890, 1132, 1628, 165, 1120, 1057, 229, 338, 279, 408, 1236, 1517, 1006, 766, 647, 720, 1217, 1059, 1629, 1106, 883, 291, 1167, 800, 104, 932, 1491, 1569, 1631, 542, 1015, 1364, 1389, 1610, 1461, 845, 1413, 1163, 1256, 1116, 1157, 871, 125, 1143, 243, 708, 998, 1679, 816, 335, 874, 1602, 786, 543, 1577, 1657, 1168, 483, 863, 1604, 1231, 761, 399, 323, 1412, 1203, 1266, 1295, 896, 1532, 826, 1309, 703, 832, 713, 1348, 1184, 1590, 516, 1031, 724, 803, 1362]
[1115, 1680, 1680, 1680, 1356, 1221, 1147, 1680, 669, 1402, 1680, 1680, 1329, 1680, 1010, 824, 1680, 1680, 1680, 1390, 1663, 1680, 870, 891, 1680, 1680, 1399, 1680, 1434, 1680, 1680, 1680, 1149, 1680, 1670, 1680, 1063, 1451, 1680, 992, 1680, 1639, 1680, 1680, 1195, 1125, 983, 1199, 1680, 1680, 522, 1288, 1579, 1436, 576, 636, 1521, 1680, 1680, 1197, 1680, 1680, 1407, 1680, 1680, 1680, 1680, 1680, 766, 1680, 1680, 626, 1680, 1680, 1680, 1680, 1680, 1679, 1680, 1680, 1680, 1680, 1680, 1680, 1680, 1680, 1680, 1680, 1558, 978, 1680, 1521, 1608, 1662, 1680, 1680, 1680, 1585, 1680, 1024, 1680, 1680, 1680, 1477, 1680, 1680, 1680, 1680, 1212, 826, 656, 1680, 1680, 1680, 1675, 1158, 1680, 1419, 1680, 1680, 1680, 1377, 1680, 1680, 1680, 1629, 1600, 1128, 1680, 1680]
2
[0.0, 0.0]
[10000.0, 10000.0]
[[0.0, 0.0, 98.0, 89.0, 119.0, 104.0, 131.0, 27.0, 122.0, 167.0, 84.0, 110.0, 147.0, 135.0, 39.0, 105.0, 119.0, 118.0, 81.0, 105.0, 101.0, 103.0, 141.0, 129.0, 131.0, 93.0, 126.0, 105.0, 79.0, 61.0, 50.0, 117.0, 19.0, 114.0, 120.0, 31.0, 137.0, 50.0, 77.0, 91.0, 144.0, 86.0, 160.0, 111.0, 42.0, 55.0, 73.0, 86.0, 29.0, 121.0, 65.0, 131.0, 97.0, 118.0, 136.0, 134.0, 77.0, 140.0, 134.0, 87.0, 143.0, 20.0, 146.0, 70.0, 39.0, 89.0, 72.0, 129.0, 140.0, 61.0, 168.0, 88.0, 149.0, 135.0, 93.0, 80.0, 72.0, 89.0, 84.0, 128.0, 115.0, 111.0, 89.0, 131.0, 168.0, 117.0, 157.0, 95.0, 144.0, 88.0, 134.0, 144.0, 20.0, 33.0, 146.0, 98.0, 146.0, 86.0, 109.0, 124.0, 110.0, 76.0, 151.0, 79.0, 109.0, 101.0, 125.0, 90.0, 93.0, 36.0, 78.0, 118.0, 113.0, 133.0, 87.0, 106.0, 89.0, 92.0, 150.0, 87.0, 97.0, 40.0, 127.0, 77.0, 45.0, 87.0, 60.0, 128.0, 89.0, 30.0, 127.0, 133.0], [0.0, 0.0, 98.0, 89.0, 119.0, 104.0, 131.0, 27.0, 122.0, 167.0, 84.0, 110.0, 147.0, 135.0, 39.0, 105.0, 119.0, 118.0, 81.0, 105.0, 101.0, 103.0, 141.0, 129.0, 131.0, 93.0, 126.0, 105.0, 79.0, 61.0, 50.0, 117.0, 19.0, 114.0, 120.0, 31.0, 137.0, 50.0, 77.0, 91.0, 144.0, 86.0, 160.0, 111.0, 42.0, 55.0, 73.0, 86.0, 29.0, 121.0, 65.0, 131.0, 97.0, 118.0, 136.0, 134.0, 77.0, 140.0, 134.0, 87.0, 143.0, 20.0, 146.0, 70.0, 39.0, 89.0, 72.0, 129.0, 140.0, 61.0, 168.0, 88.0, 149.0, 135.0, 93.0, 80.0, 72.0, 89.0, 84.0, 128.0, 115.0, 111.0, 89.0, 131.0, 168.0, 117.0, 157.0, 95.0, 144.0, 88.0, 134.0, 144.0, 20.0, 33.0, 146.0, 98.0, 146.0, 86.0, 109.0, 124.0, 110.0, 76.0, 151.0, 79.0, 109.0, 101.0, 125.0, 90.0, 93.0, 36.0, 78.0, 118.0, 113.0, 133.0, 87.0, 106.0, 89.0, 92.0, 150.0, 87.0, 97.0, 40.0, 127.0, 77.0, 45.0, 87.0, 60.0, 128.0, 89.0, 30.0, 127.0, 133.0], [98.0, 98.0, 0.0, 90.0, 71.0, 68.0, 68.0, 79.0, 39.0, 76.0, 60.0, 37.0, 53.0, 36.0, 73.0, 28.0, 33.0, 27.0, 50.0, 39.0, 64.0, 18.0, 46.0, 46.0, 43.0, 5.0, 82.0, 18.0, 87.0, 57.0, 66.0, 37.0, 87.0, 72.0, 66.0, 75.0, 68.0, 63.0, 22.0, 8.0, 58.0, 24.0, 62.0, 84.0, 56.0, 78.0, 63.0, 39.0, 85.0, 109.0, 76.0, 34.0, 50.0, 19.0, 46.0, 45.0, 55.0, 46.0, 36.0, 60.0, 45.0, 84.0, 48.0, 39.0, 59.0, 76.0, 85.0, 32.0, 45.0, 38.0, 72.0, 85.0, 51.0, 65.0, 26.0, 88.0, 47.0, 71.0, 82.0, 30.0, 18.0, 18.0, 22.0, 49.0, 74.0, 80.0, 60.0, 32.0, 71.0, 54.0, 45.0, 46.0, 82.0, 83.0, 52.0, 6.0, 51.0, 38.0, 42.0, 88.0, 90.0, 34.0, 55.0, 85.0, 60.0, 75.0, 31.0, 18.0, 65.0, 70.0, 81.0, 45.0, 26.0, 35.0, 27.0, 40.0, 12.0, 57.0, 60.0, 26.0, 30.0, 69.0, 83.0, 79.0, 56.0, 71.0, 45.0, 50.0, 18.0, 70.0, 29.0, 36.0], [89.0, 89.0, 90.0, 0.0, 48.0, 34.0, 65.0, 64.0, 79.0, 118.0, 30.0, 68.0, 108.0, 112.0, 53.0, 71.0, 82.0, 117.0, 40.0, 124.0, 35.0, 78.0, 107.0, 136.0, 133.0, 89.0, 49.0, 80.0, 10.0, 43.0, 45.0, 76.0, 70.0, 41.0, 53.0, 61.0, 74.0, 48.0, 76.0, 86.0, 95.0, 67.0, 130.0, 29.0, 77.0, 35.0, 30.0, 51.0, 60.0, 32.0, 25.0, 119.0, 45.0, 103.0, 135.0, 135.0, 36.0, 134.0, 110.0, 31.0, 115.0, 70.0, 126.0, 99.0, 79.0, 15.0, 17.0, 117.0, 131.0, 79.0, 129.0, 5.0, 132.0, 73.0, 65.0, 9.0, 45.0, 20.0, 8.0, 109.0, 96.0, 109.0, 102.0, 83.0, 123.0, 38.0, 126.0, 61.0, 82.0, 38.0, 92.0, 124.0, 72.0, 56.0, 108.0, 95.0, 108.0, 52.0, 128.0, 42.0, 24.0, 58.0, 114.0, 10.0, 46.0, 24.0, 95.0, 99.0, 28.0, 60.0, 13.0, 69.0, 81.0, 106.0, 104.0, 61.0, 92.0, 36.0, 105.0, 64.0, 64.0, 54.0, 49.0, 14.0, 64.0, 19.0, 58.0, 140.0, 98.0, 72.0, 106.0, 107.0], [119.0, 119.0, 71.0, 48.0, 0.0, 16.0, 17.0, 92.0, 41.0, 72.0, 34.0, 35.0, 66.0, 77.0, 80.0, 43.0, 47.0, 93.0, 39.0, 110.0, 18.0, 53.0, 67.0, 113.0, 107.0, 73.0, 11.0, 54.0, 53.0, 58.0, 69.0, 40.0, 100.0, 6.0, 6.0, 87.0, 26.0, 69.0, 69.0, 71.0, 50.0, 54.0, 89.0, 22.0, 90.0, 68.0, 46.0, 40.0, 92.0, 46.0, 58.0, 89.0, 26.0, 75.0, 108.0, 109.0, 42.0, 104.0, 74.0, 32.0, 78.0, 99.0, 90.0, 97.0, 93.0, 36.0, 57.0, 87.0, 100.0, 81.0, 85.0, 44.0, 97.0, 26.0, 46.0, 54.0, 49.0, 33.0, 45.0, 76.0, 67.0, 86.0, 90.0, 40.0, 77.0, 13.0, 86.0, 40.0, 34.0, 31.0, 51.0, 89.0, 99.0, 88.0, 67.0, 76.0, 67.0, 41.0, 113.0, 19.0, 30.0, 54.0, 72.0, 51.0, 12.0, 24.0, 60.0, 86.0, 26.0, 84.0, 50.0, 30.0, 50.0, 70.0, 94.0, 30.0, 78.0, 27.0, 61.0, 50.0, 41.0, 78.0, 12.0, 48.0, 79.0, 35.0, 65.0, 119.0, 86.0, 93.0, 73.0, 71.0], [104.0, 104.0, 68.0, 34.0, 16.0, 0.0, 32.0, 77.0, 48.0, 84.0, 20.0, 38.0, 75.0, 82.0, 65.0, 43.0, 52.0, 94.0, 27.0, 106.0, 5.0, 53.0, 75.0, 113.0, 109.0, 69.0, 22.0, 54.0, 38.0, 45.0, 54.0, 44.0, 85.0, 10.0, 19.0, 73.0, 40.0, 55.0, 62.0, 67.0, 61.0, 48.0, 98.0, 16.0, 78.0, 52.0, 31.0, 32.0, 77.0, 41.0, 42.0, 92.0, 19.0, 77.0, 110.0, 110.0, 29.0, 107.0, 80.0, 18.0, 85.0, 84.0, 96.0, 89.0, 81.0, 20.0, 41.0, 90.0, 103.0, 72.0, 95.0, 29.0, 103.0, 40.0, 42.0, 39.0, 37.0, 17.0, 30.0, 80.0, 69.0, 86.0, 86.0, 49.0, 89.0, 14.0, 94.0, 37.0, 48.0, 19.0, 59.0, 95.0, 84.0, 73.0, 76.0, 74.0, 76.0, 33.0, 110.0, 23.0, 22.0, 45.0, 82.0, 36.0, 13.0, 10.0, 65.0, 82.0, 11.0, 69.0, 35.0, 37.0, 53.0, 76.0, 89.0, 31.0, 74.0, 15.0, 72.0, 44.0, 39.0, 64.0, 23.0, 33.0, 66.0, 20.0, 54.0, 118.0, 81.0, 79.0, 77.0, 76.0], [131.0, 131.0, 68.0, 65.0, 17.0, 32.0, 0.0, 104.0, 32.0, 54.0, 48.0, 31.0, 51.0, 66.0, 93.0, 40.0, 38.0, 87.0, 49.0, 106.0, 33.0, 50.0, 53.0, 106.0, 99.0, 71.0, 22.0, 50.0, 70.0, 70.0, 81.0, 32.0, 112.0, 24.0, 12.0, 99.0, 9.0, 81.0, 72.0, 70.0, 34.0, 56.0, 74.0, 39.0, 98.0, 82.0, 59.0, 47.0, 105.0, 62.0, 73.0, 79.0, 34.0, 68.0, 99.0, 100.0, 54.0, 95.0, 63.0, 45.0, 65.0, 111.0, 78.0, 100.0, 101.0, 52.0, 73.0, 78.0, 89.0, 86.0, 68.0, 61.0, 85.0, 9.0, 47.0, 71.0, 59.0, 49.0, 62.0, 67.0, 60.0, 81.0, 89.0, 27.0, 60.0, 30.0, 71.0, 42.0, 17.0, 43.0, 38.0, 77.0, 110.0, 101.0, 52.0, 73.0, 53.0, 47.0, 109.0, 32.0, 47.0, 60.0, 57.0, 68.0, 22.0, 41.0, 50.0, 85.0, 41.0, 95.0, 66.0, 23.0, 43.0, 59.0, 93.0, 30.0, 77.0, 39.0, 45.0, 52.0, 42.0, 90.0, 23.0, 64.0, 88.0, 51.0, 74.0, 112.0, 85.0, 103.0, 64.0, 60.0], [27.0, 27.0, 79.0, 64.0, 92.0, 77.0, 104.0, 0.0, 97.0, 143.0, 58.0, 86.0, 124.0, 114.0, 12.0, 81.0, 95.0, 102.0, 55.0, 94.0, 74.0, 81.0, 119.0, 116.0, 117.0, 75.0, 99.0, 82.0, 54.0, 34.0, 23.0, 93.0, 8.0, 87.0, 93.0, 5.0, 110.0, 23.0, 57.0, 72.0, 119.0, 63.0, 139.0, 85.0, 28.0, 30.0, 46.0, 60.0, 8.0, 96.0, 39.0, 113.0, 70.0, 98.0, 121.0, 120.0, 50.0, 123.0, 113.0, 60.0, 122.0, 7.0, 126.0, 60.0, 27.0, 62.0, 48.0, 111.0, 123.0, 44.0, 145.0, 62.0, 130.0, 108.0, 69.0, 55.0, 46.0, 62.0, 58.0, 108.0, 94.0, 94.0, 75.0, 106.0, 144.0, 90.0, 136.0, 71.0, 118.0, 62.0, 110.0, 125.0, 7.0, 10.0, 123.0, 80.0, 123.0, 60.0, 99.0, 98.0, 84.0, 52.0, 128.0, 55.0, 82.0, 74.0, 103.0, 74.0, 66.0, 10.0, 52.0, 92.0, 90.0, 111.0, 74.0, 80.0, 72.0, 65.0, 126.0, 64.0, 73.0, 14.0, 100.0, 52.0, 23.0, 60.0, 36.0, 117.0, 74.0, 14.0, 106.0, 112.0], [122.0, 122.0, 39.0, 79.0, 41.0, 48.0, 32.0, 97.0, 0.0, 46.0, 52.0, 12.0, 29.0, 36.0, 87.0, 17.0, 7.0, 56.0, 47.0, 76.0, 45.0, 23.0, 27.0, 74.0, 68.0, 44.0, 51.0, 22.0, 81.0, 65.0, 77.0, 5.0, 106.0, 45.0, 36.0, 93.0, 29.0, 75.0, 51.0, 44.0, 22.0, 37.0, 50.0, 61.0, 83.0, 84.0, 61.0, 38.0, 100.0, 87.0, 77.0, 48.0, 35.0, 36.0, 68.0, 69.0, 53.0, 64.0, 33.0, 50.0, 37.0, 104.0, 49.0, 76.0, 86.0, 64.0, 81.0, 47.0, 59.0, 68.0, 51.0, 74.0, 56.0, 26.0, 29.0, 82.0, 53.0, 60.0, 73.0, 35.0, 29.0, 50.0, 62.0, 10.0, 47.0, 54.0, 47.0, 26.0, 32.0, 44.0, 13.0, 48.0, 102.0, 97.0, 29.0, 45.0, 29.0, 38.0, 78.0, 60.0, 69.0, 46.0, 35.0, 78.0, 35.0, 57.0, 18.0, 57.0, 51.0, 87.0, 76.0, 11.0, 13.0, 29.0, 66.0, 19.0, 51.0, 44.0, 29.0, 35.0, 25.0, 84.0, 52.0, 73.0, 77.0, 61.0, 62.0, 81.0, 57.0, 92.0, 32.0, 29.0], [167.0, 167.0, 76.0, 118.0, 72.0, 84.0, 54.0, 143.0, 46.0, 0.0, 95.0, 58.0, 24.0, 48.0, 133.0, 62.0, 48.0, 78.0, 92.0, 104.0, 84.0, 65.0, 31.0, 91.0, 82.0, 82.0, 76.0, 64.0, 122.0, 111.0, 123.0, 50.0, 151.0, 78.0, 66.0, 138.0, 46.0, 121.0, 93.0, 83.0, 24.0, 82.0, 34.0, 94.0, 127.0, 128.0, 105.0, 83.0, 146.0, 116.0, 121.0, 62.0, 77.0, 62.0, 79.0, 81.0, 98.0, 72.0, 45.0, 93.0, 39.0, 149.0, 50.0, 115.0, 131.0, 104.0, 123.0, 63.0, 66.0, 111.0, 19.0, 114.0, 56.0, 45.0, 74.0, 122.0, 98.0, 100.0, 114.0, 53.0, 59.0, 77.0, 97.0, 38.0, 8.0, 84.0, 32.0, 72.0, 39.0, 88.0, 34.0, 50.0, 148.0, 143.0, 25.0, 80.0, 26.0, 83.0, 104.0, 86.0, 102.0, 92.0, 24.0, 119.0, 72.0, 94.0, 45.0, 93.0, 91.0, 133.0, 117.0, 52.0, 55.0, 44.0, 102.0, 64.0, 89.0, 86.0, 17.0, 80.0, 70.0, 130.0, 77.0, 115.0, 122.0, 102.0, 108.0, 98.0, 94.0, 138.0, 52.0, 44.0], [84.0, 84.0, 60.0, 30.0, 34.0, 20.0, 48.0, 58.0, 52.0, 95.0, 0.0, 40.0, 81.0, 83.0, 46.0, 42.0, 54.0, 87.0, 11.0, 95.0, 16.0, 48.0, 79.0, 106.0, 103.0, 60.0, 42.0, 50.0, 29.0, 25.0, 35.0, 48.0, 66.0, 30.0, 36.0, 53.0, 55.0, 35.0, 48.0, 57.0, 71.0, 37.0, 102.0, 31.0, 58.0, 34.0, 12.0, 21.0, 57.0, 52.0, 26.0, 89.0, 18.0, 73.0, 105.0, 105.0, 9.0, 104.0, 81.0, 3.0, 87.0, 64.0, 97.0, 74.0, 61.0, 16.0, 29.0, 87.0, 101.0, 55.0, 103.0, 25.0, 103.0, 54.0, 35.0, 30.0, 19.0, 11.0, 23.0, 79.0, 66.0, 79.0, 74.0, 58.0, 98.0, 33.0, 99.0, 32.0, 63.0, 8.0, 65.0, 95.0, 64.0, 54.0, 82.0, 65.0, 82.0, 22.0, 99.0, 42.0, 34.0, 30.0, 87.0, 27.0, 26.0, 20.0, 66.0, 70.0, 9.0, 50.0, 24.0, 43.0, 52.0, 77.0, 76.0, 33.0, 63.0, 9.0, 80.0, 34.0, 34.0, 44.0, 43.0, 21.0, 47.0, 11.0, 35.0, 110.0, 69.0, 59.0, 76.0, 78.0], [110.0, 110.0, 37.0, 68.0, 35.0, 38.0, 31.0, 86.0, 12.0, 58.0, 40.0, 0.0, 41.0, 45.0, 75.0, 9.0, 14.0, 58.0, 34.0, 76.0, 35.0, 19.0, 39.0, 78.0, 72.0, 40.0, 46.0, 19.0, 69.0, 53.0, 65.0, 8.0, 94.0, 38.0, 30.0, 81.0, 32.0, 63.0, 43.0, 39.0, 34.0, 28.0, 62.0, 53.0, 73.0, 71.0, 49.0, 26.0, 88.0, 78.0, 65.0, 54.0, 23.0, 40.0, 73.0, 74.0, 41.0, 70.0, 42.0, 38.0, 47.0, 92.0, 58.0, 70.0, 76.0, 53.0, 69.0, 53.0, 66.0, 59.0, 63.0, 63.0, 65.0, 29.0, 19.0, 70.0, 41.0, 48.0, 62.0, 42.0, 32.0, 51.0, 58.0, 20.0, 60.0, 46.0, 59.0, 15.0, 37.0, 32.0, 26.0, 57.0, 91.0, 85.0, 42.0, 43.0, 41.0, 25.0, 79.0, 54.0, 60.0, 35.0, 47.0, 66.0, 26.0, 47.0, 27.0, 54.0, 40.0, 76.0, 64.0, 9.0, 15.0, 38.0, 62.0, 7.0, 47.0, 32.0, 42.0, 25.0, 14.0, 72.0, 47.0, 61.0, 66.0, 49.0, 51.0, 83.0, 54.0, 81.0, 39.0, 39.0], [147.0, 147.0, 53.0, 108.0, 66.0, 75.0, 51.0, 124.0, 29.0, 24.0, 81.0, 41.0, 0.0, 24.0, 115.0, 43.0, 29.0, 55.0, 76.0, 80.0, 73.0, 44.0, 7.0, 69.0, 60.0, 58.0, 74.0, 42.0, 110.0, 93.0, 105.0, 33.0, 132.0, 71.0, 60.0, 119.0, 45.0, 103.0, 71.0, 60.0, 18.0, 61.0, 23.0, 88.0, 106.0, 112.0, 90.0, 66.0, 127.0, 112.0, 106.0, 39.0, 64.0, 38.0, 58.0, 60.0, 82.0, 52.0, 22.0, 80.0, 17.0, 130.0, 31.0, 91.0, 109.0, 93.0, 110.0, 40.0, 46.0, 89.0, 22.0, 103.0, 38.0, 43.0, 55.0, 111.0, 81.0, 88.0, 102.0, 29.0, 35.0, 53.0, 73.0, 26.0, 22.0, 79.0, 20.0, 54.0, 41.0, 73.0, 16.0, 30.0, 128.0, 125.0, 1.0, 56.0, 2.0, 66.0, 81.0, 83.0, 96.0, 72.0, 6.0, 107.0, 62.0, 85.0, 22.0, 69.0, 80.0, 114.0, 105.0, 39.0, 34.0, 20.0, 77.0, 49.0, 65.0, 73.0, 10.0, 60.0, 52.0, 111.0, 75.0, 102.0, 102.0, 90.0, 88.0, 76.0, 70.0, 117.0, 28.0, 20.0], [135.0, 135.0, 36.0, 112.0, 77.0, 82.0, 66.0, 114.0, 36.0, 48.0, 83.0, 45.0, 24.0, 0.0, 107.0, 41.0, 31.0, 31.0, 74.0, 57.0, 79.0, 36.0, 18.0, 45.0, 36.0, 41.0, 87.0, 34.0, 112.0, 88.0, 99.0, 38.0, 122.0, 81.0, 72.0, 110.0, 62.0, 96.0, 58.0, 44.0, 39.0, 53.0, 25.0, 97.0, 92.0, 109.0, 89.0, 63.0, 119.0, 123.0, 104.0, 15.0, 67.0, 17.0, 35.0, 36.0, 81.0, 29.0, 3.0, 81.0, 10.0, 120.0, 14.0, 73.0, 96.0, 97.0, 111.0, 15.0, 23.0, 74.0, 38.0, 107.0, 20.0, 59.0, 50.0, 113.0, 76.0, 92.0, 105.0, 7.0, 20.0, 30.0, 53.0, 40.0, 43.0, 90.0, 24.0, 52.0, 61.0, 75.0, 29.0, 12.0, 117.0, 117.0, 23.0, 38.0, 22.0, 63.0, 57.0, 96.0, 104.0, 65.0, 23.0, 109.0, 70.0, 91.0, 18.0, 50.0, 84.0, 104.0, 106.0, 47.0, 31.0, 7.0, 57.0, 52.0, 47.0, 76.0, 35.0, 53.0, 49.0, 103.0, 88.0, 103.0, 91.0, 93.0, 79.0, 51.0, 50.0, 105.0, 8.0, 7.0], [39.0, 39.0, 73.0, 53.0, 80.0, 65.0, 93.0, 12.0, 87.0, 133.0, 46.0, 75.0, 115.0, 107.0, 0.0, 71.0, 86.0, 97.0, 44.0, 93.0, 62.0, 72.0, 110.0, 113.0, 113.0, 69.0, 87.0, 74.0, 44.0, 23.0, 11.0, 83.0, 20.0, 75.0, 82.0, 8.0, 99.0, 12.0, 51.0, 66.0, 109.0, 54.0, 131.0, 73.0, 29.0, 19.0, 34.0, 50.0, 13.0, 85.0, 28.0, 107.0, 59.0, 92.0, 117.0, 116.0, 38.0, 119.0, 106.0, 48.0, 114.0, 18.0, 120.0, 60.0, 30.0, 51.0, 37.0, 105.0, 118.0, 41.0, 137.0, 51.0, 124.0, 97.0, 60.0, 45.0, 35.0, 51.0, 47.0, 101.0, 87.0, 89.0, 72.0, 96.0, 135.0, 78.0, 128.0, 61.0, 107.0, 50.0, 100.0, 118.0, 19.0, 10.0, 115.0, 75.0, 114.0, 50.0, 98.0, 86.0, 72.0, 43.0, 119.0, 44.0, 71.0, 62.0, 94.0, 71.0, 55.0, 7.0, 41.0, 82.0, 81.0, 103.0, 72.0, 70.0, 67.0, 54.0, 117.0, 55.0, 63.0, 4.0, 88.0, 40.0, 19.0, 48.0, 28.0, 114.0, 70.0, 19.0, 99.0, 104.0], [105.0, 105.0, 28.0, 71.0, 43.0, 43.0, 40.0, 81.0, 17.0, 62.0, 42.0, 9.0, 43.0, 41.0, 71.0, 0.0, 15.0, 51.0, 34.0, 67.0, 39.0, 10.0, 39.0, 71.0, 65.0, 31.0, 54.0, 11.0, 70.0, 50.0, 62.0, 13.0, 89.0, 45.0, 39.0, 76.0, 41.0, 59.0, 34.0, 30.0, 39.0, 20.0, 61.0, 59.0, 66.0, 69.0, 48.0, 23.0, 84.0, 84.0, 64.0, 49.0, 26.0, 33.0, 66.0, 67.0, 40.0, 64.0, 39.0, 40.0, 46.0, 87.0, 55.0, 61.0, 69.0, 56.0, 70.0, 47.0, 60.0, 51.0, 65.0, 66.0, 61.0, 38.0, 12.0, 71.0, 37.0, 51.0, 64.0, 38.0, 25.0, 43.0, 49.0, 27.0, 63.0, 53.0, 58.0, 11.0, 46.0, 33.0, 29.0, 53.0, 85.0, 81.0, 43.0, 34.0, 43.0, 23.0, 70.0, 61.0, 66.0, 29.0, 48.0, 68.0, 33.0, 51.0, 25.0, 45.0, 43.0, 71.0, 65.0, 18.0, 11.0, 35.0, 53.0, 13.0, 37.0, 35.0, 46.0, 18.0, 9.0, 68.0, 55.0, 62.0, 60.0, 52.0, 45.0, 76.0, 45.0, 75.0, 35.0, 36.0], [119.0, 119.0, 33.0, 82.0, 47.0, 52.0, 38.0, 95.0, 7.0, 48.0, 54.0, 14.0, 29.0, 31.0, 86.0, 15.0, 0.0, 49.0, 47.0, 70.0, 49.0, 17.0, 25.0, 68.0, 61.0, 38.0, 57.0, 16.0, 83.0, 64.0, 76.0, 7.0, 104.0, 51.0, 41.0, 91.0, 36.0, 74.0, 46.0, 38.0, 26.0, 33.0, 48.0, 66.0, 79.0, 84.0, 62.0, 37.0, 99.0, 92.0, 78.0, 42.0, 37.0, 29.0, 61.0, 62.0, 54.0, 57.0, 28.0, 52.0, 33.0, 101.0, 44.0, 70.0, 83.0, 67.0, 83.0, 41.0, 53.0, 63.0, 51.0, 77.0, 51.0, 33.0, 26.0, 84.0, 52.0, 62.0, 76.0, 29.0, 22.0, 43.0, 55.0, 16.0, 49.0, 59.0, 45.0, 25.0, 39.0, 46.0, 15.0, 43.0, 100.0, 96.0, 29.0, 38.0, 28.0, 37.0, 72.0, 66.0, 74.0, 44.0, 34.0, 80.0, 39.0, 61.0, 13.0, 51.0, 54.0, 85.0, 78.0, 17.0, 7.0, 24.0, 60.0, 22.0, 45.0, 47.0, 31.0, 32.0, 23.0, 82.0, 58.0, 75.0, 74.0, 63.0, 60.0, 74.0, 51.0, 89.0, 26.0, 25.0], [118.0, 118.0, 27.0, 117.0, 93.0, 94.0, 87.0, 102.0, 56.0, 78.0, 87.0, 58.0, 55.0, 31.0, 97.0, 51.0, 49.0, 0.0, 77.0, 26.0, 89.0, 41.0, 48.0, 20.0, 16.0, 29.0, 104.0, 40.0, 114.0, 83.0, 92.0, 55.0, 109.0, 96.0, 88.0, 98.0, 85.0, 88.0, 46.0, 32.0, 67.0, 50.0, 52.0, 109.0, 76.0, 104.0, 90.0, 66.0, 108.0, 135.0, 103.0, 18.0, 75.0, 20.0, 19.0, 19.0, 82.0, 22.0, 33.0, 87.0, 40.0, 106.0, 34.0, 49.0, 79.0, 102.0, 112.0, 16.0, 23.0, 58.0, 67.0, 112.0, 34.0, 82.0, 53.0, 115.0, 74.0, 98.0, 109.0, 25.0, 27.0, 9.0, 29.0, 63.0, 74.0, 104.0, 52.0, 57.0, 86.0, 80.0, 55.0, 33.0, 103.0, 107.0, 54.0, 23.0, 53.0, 65.0, 26.0, 112.0, 116.0, 61.0, 54.0, 112.0, 84.0, 101.0, 39.0, 28.0, 91.0, 93.0, 108.0, 64.0, 44.0, 35.0, 32.0, 63.0, 30.0, 83.0, 64.0, 53.0, 55.0, 93.0, 105.0, 105.0, 79.0, 98.0, 70.0, 25.0, 29.0, 91.0, 27.0, 35.0], [81.0, 81.0, 50.0, 40.0, 39.0, 27.0, 49.0, 55.0, 47.0, 92.0, 11.0, 34.0, 76.0, 74.0, 44.0, 34.0, 47.0, 77.0, 0.0, 85.0, 22.0, 39.0, 72.0, 96.0, 93.0, 49.0, 48.0, 41.0, 38.0, 21.0, 32.0, 42.0, 63.0, 36.0, 39.0, 50.0, 56.0, 32.0, 38.0, 46.0, 67.0, 27.0, 95.0, 40.0, 51.0, 37.0, 15.0, 11.0, 56.0, 62.0, 30.0, 80.0, 16.0, 64.0, 95.0, 95.0, 7.0, 94.0, 73.0, 11.0, 79.0, 61.0, 88.0, 63.0, 54.0, 26.0, 36.0, 78.0, 91.0, 45.0, 98.0, 35.0, 94.0, 54.0, 25.0, 39.0, 11.0, 22.0, 32.0, 70.0, 57.0, 68.0, 63.0, 54.0, 94.0, 41.0, 92.0, 23.0, 63.0, 8.0, 60.0, 87.0, 61.0, 53.0, 76.0, 55.0, 76.0, 12.0, 89.0, 50.0, 44.0, 19.0, 81.0, 35.0, 28.0, 29.0, 58.0, 59.0, 18.0, 46.0, 32.0, 39.0, 45.0, 69.0, 65.0, 28.0, 52.0, 12.0, 76.0, 24.0, 25.0, 41.0, 49.0, 29.0, 40.0, 22.0, 27.0, 100.0, 59.0, 54.0, 68.0, 70.0], [105.0, 105.0, 39.0, 124.0, 110.0, 106.0, 106.0, 94.0, 76.0, 104.0, 95.0, 76.0, 80.0, 57.0, 93.0, 67.0, 70.0, 26.0, 85.0, 0.0, 102.0, 57.0, 73.0, 25.0, 31.0, 37.0, 121.0, 57.0, 119.0, 85.0, 90.0, 75.0, 99.0, 111.0, 105.0, 91.0, 106.0, 87.0, 48.0, 39.0, 91.0, 59.0, 78.0, 122.0, 66.0, 104.0, 95.0, 75.0, 101.0, 146.0, 105.0, 44.0, 87.0, 43.0, 36.0, 34.0, 88.0, 42.0, 59.0, 96.0, 66.0, 97.0, 60.0, 35.0, 68.0, 111.0, 115.0, 42.0, 46.0, 51.0, 94.0, 119.0, 58.0, 102.0, 64.0, 120.0, 79.0, 107.0, 116.0, 51.0, 49.0, 28.0, 22.0, 86.0, 100.0, 119.0, 78.0, 70.0, 108.0, 90.0, 79.0, 58.0, 93.0, 101.0, 79.0, 33.0, 78.0, 74.0, 5.0, 127.0, 127.0, 66.0, 80.0, 117.0, 98.0, 112.0, 63.0, 25.0, 102.0, 87.0, 113.0, 83.0, 63.0, 61.0, 21.0, 79.0, 33.0, 94.0, 90.0, 62.0, 69.0, 89.0, 122.0, 111.0, 73.0, 106.0, 70.0, 24.0, 26.0, 81.0, 52.0, 61.0], [101.0, 101.0, 64.0, 35.0, 18.0, 5.0, 33.0, 74.0, 45.0, 84.0, 16.0, 35.0, 73.0, 79.0, 62.0, 39.0, 49.0, 89.0, 22.0, 102.0, 0.0, 49.0, 72.0, 109.0, 104.0, 65.0, 26.0, 50.0, 38.0, 41.0, 51.0, 42.0, 82.0, 14.0, 21.0, 70.0, 41.0, 51.0, 57.0, 62.0, 60.0, 43.0, 95.0, 20.0, 73.0, 50.0, 28.0, 27.0, 74.0, 45.0, 40.0, 88.0, 14.0, 73.0, 106.0, 106.0, 25.0, 104.0, 77.0, 14.0, 82.0, 81.0, 93.0, 84.0, 77.0, 20.0, 41.0, 87.0, 100.0, 67.0, 94.0, 30.0, 100.0, 40.0, 38.0, 39.0, 33.0, 17.0, 30.0, 77.0, 65.0, 81.0, 81.0, 48.0, 88.0, 19.0, 92.0, 33.0, 49.0, 15.0, 57.0, 91.0, 81.0, 70.0, 74.0, 69.0, 74.0, 28.0, 105.0, 27.0, 26.0, 40.0, 79.0, 36.0, 11.0, 12.0, 61.0, 77.0, 8.0, 66.0, 34.0, 34.0, 49.0, 73.0, 84.0, 27.0, 69.0, 10.0, 70.0, 40.0, 34.0, 61.0, 27.0, 32.0, 62.0, 19.0, 49.0, 114.0, 76.0, 75.0, 74.0, 73.0], [103.0, 103.0, 18.0, 78.0, 53.0, 53.0, 50.0, 81.0, 23.0, 65.0, 48.0, 19.0, 44.0, 36.0, 72.0, 10.0, 17.0, 41.0, 39.0, 57.0, 49.0, 0.0, 38.0, 61.0, 56.0, 21.0, 64.0, 2.0, 77.0, 52.0, 63.0, 20.0, 89.0, 55.0, 49.0, 76.0, 50.0, 61.0, 28.0, 21.0, 44.0, 18.0, 59.0, 68.0, 62.0, 73.0, 54.0, 28.0, 85.0, 94.0, 69.0, 41.0, 35.0, 25.0, 57.0, 58.0, 45.0, 56.0, 34.0, 48.0, 42.0, 86.0, 49.0, 53.0, 66.0, 63.0, 76.0, 39.0, 52.0, 46.0, 65.0, 73.0, 55.0, 47.0, 14.0, 78.0, 41.0, 59.0, 71.0, 31.0, 17.0, 33.0, 40.0, 33.0, 65.0, 63.0, 56.0, 17.0, 54.0, 41.0, 32.0, 48.0, 84.0, 82.0, 43.0, 24.0, 43.0, 27.0, 60.0, 71.0, 75.0, 30.0, 48.0, 75.0, 43.0, 60.0, 22.0, 35.0, 51.0, 71.0, 71.0, 27.0, 11.0, 31.0, 44.0, 23.0, 28.0, 43.0, 48.0, 18.0, 15.0, 68.0, 66.0, 68.0, 59.0, 59.0, 45.0, 66.0, 35.0, 73.0, 29.0, 32.0], [141.0, 141.0, 46.0, 107.0, 67.0, 75.0, 53.0, 119.0, 27.0, 31.0, 79.0, 39.0, 7.0, 18.0, 110.0, 39.0, 25.0, 48.0, 72.0, 73.0, 72.0, 38.0, 0.0, 62.0, 54.0, 52.0, 75.0, 37.0, 108.0, 89.0, 101.0, 31.0, 127.0, 71.0, 61.0, 114.0, 47.0, 98.0, 65.0, 53.0, 22.0, 56.0, 23.0, 88.0, 100.0, 109.0, 87.0, 62.0, 123.0, 113.0, 103.0, 33.0, 61.0, 31.0, 52.0, 54.0, 79.0, 46.0, 15.0, 77.0, 12.0, 125.0, 26.0, 85.0, 103.0, 91.0, 108.0, 33.0, 40.0, 83.0, 27.0, 102.0, 33.0, 45.0, 50.0, 109.0, 77.0, 87.0, 100.0, 22.0, 29.0, 46.0, 66.0, 27.0, 28.0, 79.0, 20.0, 50.0, 45.0, 71.0, 16.0, 25.0, 123.0, 120.0, 6.0, 49.0, 5.0, 62.0, 74.0, 84.0, 96.0, 67.0, 9.0, 105.0, 62.0, 84.0, 16.0, 62.0, 78.0, 109.0, 102.0, 38.0, 29.0, 12.0, 71.0, 46.0, 58.0, 71.0, 17.0, 55.0, 48.0, 106.0, 76.0, 100.0, 97.0, 88.0, 83.0, 69.0, 63.0, 112.0, 21.0, 12.0], [129.0, 129.0, 46.0, 136.0, 113.0, 113.0, 106.0, 116.0, 74.0, 91.0, 106.0, 78.0, 69.0, 45.0, 113.0, 71.0, 68.0, 20.0, 96.0, 25.0, 109.0, 61.0, 62.0, 0.0, 9.0, 47.0, 124.0, 60.0, 133.0, 101.0, 108.0, 75.0, 122.0, 116.0, 108.0, 113.0, 103.0, 105.0, 63.0, 50.0, 84.0, 69.0, 60.0, 129.0, 89.0, 122.0, 108.0, 85.0, 123.0, 154.0, 121.0, 30.0, 95.0, 38.0, 13.0, 10.0, 101.0, 20.0, 48.0, 106.0, 52.0, 120.0, 42.0, 58.0, 91.0, 122.0, 130.0, 29.0, 26.0, 72.0, 77.0, 131.0, 38.0, 100.0, 72.0, 134.0, 93.0, 117.0, 128.0, 41.0, 46.0, 28.0, 41.0, 82.0, 85.0, 124.0, 61.0, 77.0, 104.0, 100.0, 72.0, 41.0, 116.0, 122.0, 68.0, 41.0, 67.0, 84.0, 22.0, 131.0, 135.0, 79.0, 67.0, 131.0, 103.0, 121.0, 57.0, 42.0, 111.0, 108.0, 127.0, 84.0, 63.0, 51.0, 42.0, 83.0, 47.0, 103.0, 79.0, 72.0, 75.0, 109.0, 125.0, 124.0, 94.0, 117.0, 87.0, 7.0, 43.0, 104.0, 44.0, 51.0], [131.0, 131.0, 43.0, 133.0, 107.0, 109.0, 99.0, 117.0, 68.0, 82.0, 103.0, 72.0, 60.0, 36.0, 113.0, 65.0, 61.0, 16.0, 93.0, 31.0, 104.0, 56.0, 54.0, 9.0, 0.0, 45.0, 118.0, 55.0, 130.0, 99.0, 108.0, 68.0, 123.0, 110.0, 102.0, 113.0, 96.0, 104.0, 62.0, 48.0, 76.0, 66.0, 52.0, 124.0, 90.0, 120.0, 106.0, 82.0, 123.0, 150.0, 119.0, 22.0, 90.0, 32.0, 5.0, 3.0, 98.0, 12.0, 39.0, 102.0, 43.0, 121.0, 33.0, 61.0, 93.0, 118.0, 128.0, 21.0, 17.0, 73.0, 68.0, 128.0, 30.0, 93.0, 68.0, 131.0, 90.0, 114.0, 125.0, 33.0, 40.0, 25.0, 42.0, 74.0, 76.0, 118.0, 52.0, 72.0, 96.0, 96.0, 65.0, 33.0, 117.0, 122.0, 59.0, 39.0, 58.0, 81.0, 28.0, 126.0, 131.0, 77.0, 58.0, 128.0, 98.0, 116.0, 50.0, 42.0, 107.0, 108.0, 124.0, 77.0, 57.0, 43.0, 44.0, 78.0, 46.0, 99.0, 71.0, 69.0, 70.0, 109.0, 119.0, 122.0, 94.0, 114.0, 86.0, 16.0, 43.0, 105.0, 36.0, 43.0], [93.0, 93.0, 5.0, 89.0, 73.0, 69.0, 71.0, 75.0, 44.0, 82.0, 60.0, 40.0, 58.0, 41.0, 69.0, 31.0, 38.0, 29.0, 49.0, 37.0, 65.0, 21.0, 52.0, 47.0, 45.0, 0.0, 84.0, 22.0, 86.0, 54.0, 63.0, 41.0, 82.0, 74.0, 69.0, 71.0, 72.0, 60.0, 18.0, 3.0, 63.0, 23.0, 67.0, 85.0, 51.0, 75.0, 61.0, 39.0, 81.0, 110.0, 74.0, 38.0, 51.0, 25.0, 48.0, 48.0, 54.0, 49.0, 42.0, 60.0, 50.0, 80.0, 52.0, 33.0, 54.0, 75.0, 83.0, 36.0, 48.0, 33.0, 77.0, 84.0, 56.0, 68.0, 27.0, 87.0, 46.0, 71.0, 81.0, 35.0, 23.0, 21.0, 18.0, 54.0, 80.0, 82.0, 65.0, 33.0, 76.0, 54.0, 50.0, 51.0, 77.0, 79.0, 58.0, 6.0, 57.0, 38.0, 41.0, 90.0, 91.0, 32.0, 61.0, 84.0, 61.0, 76.0, 36.0, 14.0, 65.0, 65.0, 80.0, 48.0, 31.0, 41.0, 22.0, 43.0, 7.0, 57.0, 65.0, 26.0, 32.0, 65.0, 85.0, 77.0, 52.0, 71.0, 42.0, 51.0, 14.0, 65.0, 34.0, 41.0], [126.0, 126.0, 82.0, 49.0, 11.0, 22.0, 22.0, 99.0, 51.0, 76.0, 42.0, 46.0, 74.0, 87.0, 87.0, 54.0, 57.0, 104.0, 48.0, 121.0, 26.0, 64.0, 75.0, 124.0, 118.0, 84.0, 0.0, 65.0, 56.0, 67.0, 76.0, 50.0, 107.0, 12.0, 16.0, 95.0, 30.0, 77.0, 80.0, 82.0, 57